,Data,Nazwa,ISIN,Waluta,Kurs otwarcia,Kurs max,Kurs min,Kurs zamknięcia,Zmiana,Wolumen,Liczba Transakcji,Obrót,Liczba otwartych pozycji,Wartość otwartych pozycji,Cena nominalna
0,2015-12-18,11BIT,PL11BTS00015,PLN,68.1,69.79,66.0,67.0,-0.37,5644,67,381.21,0,0,0
1,2015-12-21,11BIT,PL11BTS00015,PLN,67.0,69.5,67.0,69.4,3.58,6242,112,423.77,0,0,0
2,2015-12-22,11BIT,PL11BTS00015,PLN,69.98,72.0,69.91,71.4,2.88,6481,118,458.39,0,0,0
3,2015-12-23,11BIT,PL11BTS00015,PLN,72.0,72.5,69.22,71.1,-0.42,8559,110,612.68,0,0,0
4,2015-12-28,11BIT,PL11BTS00015,PLN,70.01,71.85,70.0,70.16,-1.32,8274,90,579.94,0,0,0
5,2015-12-29,11BIT,PL11BTS00015,PLN,70.17,71.6,70.01,70.6,0.63,2660,59,188.24,0,0,0
6,2015-12-30,11BIT,PL11BTS00015,PLN,71.1,71.1,70.0,70.6,0.0,1266,39,88.89,0,0,0
7,2016-01-04,11BIT,PL11BTS00015,PLN,71.0,71.0,70.0,70.0,-0.85,9282,67,650.32,0,0,0
8,2016-01-05,11BIT,PL11BTS00015,PLN,70.01,75.9,70.0,73.8,5.43,17334,190,1262.88,0,0,0
9,2016-01-07,11BIT,PL11BTS00015,PLN,70.9,74.0,70.1,72.5,-1.76,7530,113,540.18,0,0,0
10,2016-01-08,11BIT,PL11BTS00015,PLN,72.51,73.5,70.23,72.0,-0.69,5059,87,363.68,0,0,0
11,2016-01-11,11BIT,PL11BTS00015,PLN,72.49,72.49,70.65,72.4,0.56,3429,76,245.92,0,0,0
12,2016-01-12,11BIT,PL11BTS00015,PLN,72.4,74.97,72.4,73.4,1.38,5458,109,400.77,0,0,0
13,2016-01-13,11BIT,PL11BTS00015,PLN,74.77,77.48,74.76,75.95,3.47,14031,209,1068.84,0,0,0
14,2016-01-14,11BIT,PL11BTS00015,PLN,75.0,75.95,73.5,75.2,-0.99,3041,87,225.87,0,0,0
15,2016-01-15,11BIT,PL11BTS00015,PLN,75.9,75.95,73.61,74.85,-0.47,6371,105,477.78,0,0,0
16,2016-01-18,11BIT,PL11BTS00015,PLN,74.0,74.75,73.1,73.8,-1.4,1829,63,134.98,0,0,0
17,2016-01-19,11BIT,PL11BTS00015,PLN,74.99,75.5,73.8,75.45,2.24,6593,93,492.59,0,0,0
18,2016-01-20,11BIT,PL11BTS00015,PLN,75.44,75.44,72.87,73.9,-2.05,14961,107,1106.83,0,0,0
19,2016-01-21,11BIT,PL11BTS00015,PLN,74.55,75.25,73.0,74.0,0.14,15044,101,1108.16,0,0,0
20,2016-01-22,11BIT,PL11BTS00015,PLN,74.6,75.44,74.1,74.9,1.22,2637,89,197.2,0,0,0
21,2016-01-25,11BIT,PL11BTS00015,PLN,74.9,77.61,74.9,77.5,3.47,7715,225,592.83,0,0,0
22,2016-01-26,11BIT,PL11BTS00015,PLN,78.0,82.49,78.0,82.0,5.81,17878,412,1438.19,0,0,0
23,2016-01-27,11BIT,PL11BTS00015,PLN,83.25,84.48,82.0,82.5,0.61,22002,324,1825.78,0,0,0
24,2016-01-28,11BIT,PL11BTS00015,PLN,83.0,83.5,79.65,81.51,-1.2,36087,377,2919.0,0,0,0
25,2016-01-29,11BIT,PL11BTS00015,PLN,81.5,88.45,81.0,85.95,5.45,34148,624,2900.23,0,0,0
26,2016-02-01,11BIT,PL11BTS00015,PLN,87.5,87.77,84.1,86.66,0.83,20589,341,1757.5,0,0,0
27,2016-02-02,11BIT,PL11BTS00015,PLN,86.15,86.66,85.5,86.0,-0.76,11460,163,987.09,0,0,0
28,2016-02-03,11BIT,PL11BTS00015,PLN,85.15,85.9,84.5,85.0,-1.16,16954,188,1439.83,0,0,0
29,2016-02-04,11BIT,PL11BTS00015,PLN,84.9,85.2,81.8,82.0,-3.53,21336,243,1770.25,0,0,0
30,2016-02-05,11BIT,PL11BTS00015,PLN,81.7,83.89,78.0,79.5,-3.05,23267,361,1877.66,0,0,0
31,2016-02-08,11BIT,PL11BTS00015,PLN,79.0,79.0,75.05,75.91,-4.52,23301,397,1780.17,0,0,0
32,2016-02-09,11BIT,PL11BTS00015,PLN,76.0,76.5,73.61,75.8,-0.14,8654,158,649.92,0,0,0
33,2016-02-10,11BIT,PL11BTS00015,PLN,76.49,79.78,76.0,78.61,3.71,6535,178,513.25,0,0,0
34,2016-02-11,11BIT,PL11BTS00015,PLN,79.3,79.3,74.4,76.4,-2.81,5330,142,407.96,0,0,0
35,2016-02-12,11BIT,PL11BTS00015,PLN,76.8,77.99,76.0,76.4,0.0,1336,81,102.79,0,0,0
36,2016-02-15,11BIT,PL11BTS00015,PLN,76.4,77.0,75.0,76.4,0.0,1349,64,102.5,0,0,0
37,2016-02-16,11BIT,PL11BTS00015,PLN,75.93,76.55,74.0,74.99,-1.85,7382,136,551.14,0,0,0
38,2016-02-17,11BIT,PL11BTS00015,PLN,74.0,74.44,71.25,74.39,-0.8,11997,229,879.57,0,0,0
39,2016-02-18,11BIT,PL11BTS00015,PLN,75.7,75.7,73.5,74.0,-0.52,5511,120,411.81,0,0,0
40,2016-02-19,11BIT,PL11BTS00015,PLN,73.02,73.6,72.1,73.5,-0.68,5538,94,405.38,0,0,0
41,2016-02-22,11BIT,PL11BTS00015,PLN,72.52,74.9,72.52,74.75,1.7,2469,67,182.46,0,0,0
42,2016-02-23,11BIT,PL11BTS00015,PLN,74.75,75.85,74.0,75.7,1.27,1630,64,122.05,0,0,0
43,2016-02-24,11BIT,PL11BTS00015,PLN,75.7,76.0,73.57,74.95,-0.99,1673,57,125.11,0,0,0
44,2016-02-25,11BIT,PL11BTS00015,PLN,74.0,74.95,73.8,74.0,-1.27,4551,64,336.9,0,0,0
45,2016-02-26,11BIT,PL11BTS00015,PLN,74.4,76.25,74.4,75.5,2.03,2348,67,177.27,0,0,0
46,2016-02-29,11BIT,PL11BTS00015,PLN,75.5,76.15,74.5,74.5,-1.32,4696,56,351.95,0,0,0
47,2016-03-01,11BIT,PL11BTS00015,PLN,74.11,75.45,74.11,74.99,0.66,7050,50,525.71,0,0,0
48,2016-03-02,11BIT,PL11BTS00015,PLN,75.77,76.0,74.5,75.0,0.01,1912,44,143.73,0,0,0
49,2016-03-03,11BIT,PL11BTS00015,PLN,75.97,75.97,74.0,74.5,-0.67,2381,75,177.71,0,0,0
50,2016-03-04,11BIT,PL11BTS00015,PLN,74.0,74.7,74.0,74.1,-0.54,2642,56,195.68,0,0,0
51,2016-03-07,11BIT,PL11BTS00015,PLN,74.5,74.98,74.0,74.59,0.66,6976,80,520.03,0,0,0
52,2016-03-08,11BIT,PL11BTS00015,PLN,75.2,78.0,75.0,78.0,4.57,7882,148,606.0,0,0,0
53,2016-03-09,11BIT,PL11BTS00015,PLN,78.5,81.6,78.0,80.05,2.63,11526,246,920.75,0,0,0
54,2016-03-10,11BIT,PL11BTS00015,PLN,80.45,81.7,78.6,80.78,0.91,8696,96,702.91,0,0,0
55,2016-03-11,11BIT,PL11BTS00015,PLN,79.1,80.9,79.1,79.5,-1.58,2965,68,237.39,0,0,0
56,2016-03-14,11BIT,PL11BTS00015,PLN,79.62,81.5,79.3,80.8,1.64,3500,89,282.26,0,0,0
57,2016-03-15,11BIT,PL11BTS00015,PLN,80.8,80.8,78.88,79.29,-1.87,1882,52,150.38,0,0,0
58,2016-03-16,11BIT,PL11BTS00015,PLN,79.49,80.2,79.0,80.0,0.9,2836,36,226.65,0,0,0
59,2016-03-17,11BIT,PL11BTS00015,PLN,80.14,80.19,78.5,80.19,0.24,1597,51,127.51,0,0,0
60,2016-03-18,11BIT,PL11BTS00015,PLN,80.15,80.8,78.7,80.7,0.64,3159,69,252.41,0,0,0
61,2016-03-21,11BIT,PL11BTS00015,PLN,80.8,82.5,79.15,79.8,-1.12,7192,165,583.22,0,0,0
62,2016-03-22,11BIT,PL11BTS00015,PLN,75.51,78.5,74.5,78.0,-2.26,11723,222,905.7,0,0,0
63,2016-03-23,11BIT,PL11BTS00015,PLN,78.3,78.9,69.0,71.0,-8.97,111714,1175,8041.39,0,0,0
64,2016-03-24,11BIT,PL11BTS00015,PLN,69.99,72.29,68.11,71.81,1.14,11447,232,806.99,0,0,0
65,2016-03-29,11BIT,PL11BTS00015,PLN,72.29,72.29,70.85,71.51,-0.42,3663,96,261.99,0,0,0
66,2016-03-30,11BIT,PL11BTS00015,PLN,71.55,72.35,71.55,72.2,0.96,4185,92,301.13,0,0,0
67,2016-03-31,11BIT,PL11BTS00015,PLN,72.45,72.7,72.0,72.4,0.28,5717,101,412.92,0,0,0
68,2016-04-01,11BIT,PL11BTS00015,PLN,71.98,72.01,71.0,71.35,-1.45,6514,112,465.88,0,0,0
69,2016-04-04,11BIT,PL11BTS00015,PLN,71.0,71.35,70.7,71.0,-0.49,5037,84,358.01,0,0,0
70,2016-04-05,11BIT,PL11BTS00015,PLN,70.63,70.66,70.0,70.0,-1.41,6759,97,473.48,0,0,0
71,2016-04-06,11BIT,PL11BTS00015,PLN,70.0,70.99,70.0,70.0,0.0,2435,41,170.49,0,0,0
72,2016-04-07,11BIT,PL11BTS00015,PLN,69.91,70.2,69.0,70.0,0.0,3145,71,219.53,0,0,0
73,2016-04-08,11BIT,PL11BTS00015,PLN,70.79,70.99,70.0,70.99,1.41,2753,51,192.94,0,0,0
74,2016-04-11,11BIT,PL11BTS00015,PLN,70.9,70.9,70.0,70.0,-1.39,3189,73,223.55,0,0,0
75,2016-04-12,11BIT,PL11BTS00015,PLN,70.19,70.25,69.7,70.0,0.0,6044,48,423.04,0,0,0
76,2016-04-13,11BIT,PL11BTS00015,PLN,70.0,70.4,69.0,69.4,-0.86,8821,81,613.61,0,0,0
77,2016-04-14,11BIT,PL11BTS00015,PLN,69.9,69.9,68.03,68.7,-1.01,7948,129,546.58,0,0,0
78,2016-04-15,11BIT,PL11BTS00015,PLN,68.5,70.34,68.5,70.34,2.39,8273,113,570.8,0,0,0
79,2016-04-18,11BIT,PL11BTS00015,PLN,68.5,70.35,68.5,70.35,0.01,5411,83,373.61,0,0,0
80,2016-04-19,11BIT,PL11BTS00015,PLN,70.5,71.7,70.0,70.61,0.37,2575,56,183.05,0,0,0
81,2016-04-20,11BIT,PL11BTS00015,PLN,71.6,71.7,70.55,71.0,0.55,1847,37,131.87,0,0,0
82,2016-04-21,11BIT,PL11BTS00015,PLN,71.5,72.68,70.0,70.06,-1.32,6546,125,469.19,0,0,0
83,2016-04-22,11BIT,PL11BTS00015,PLN,70.05,71.0,69.8,70.2,0.2,2097,48,147.55,0,0,0
84,2016-04-25,11BIT,PL11BTS00015,PLN,71.0,71.0,69.5,69.65,-0.78,2577,61,179.61,0,0,0
85,2016-04-26,11BIT,PL11BTS00015,PLN,69.31,71.0,69.0,70.7,1.51,4086,80,284.55,0,0,0
86,2016-04-27,11BIT,PL11BTS00015,PLN,70.4,71.0,70.0,70.01,-0.98,1521,30,107.06,0,0,0
87,2016-04-28,11BIT,PL11BTS00015,PLN,70.0,70.5,69.75,69.91,-0.14,1525,26,106.71,0,0,0
88,2016-04-29,11BIT,PL11BTS00015,PLN,70.0,71.1,69.25,71.0,1.56,3980,40,282.01,0,0,0
89,2016-05-02,11BIT,PL11BTS00015,PLN,71.0,71.0,70.0,70.02,-1.38,1974,49,138.39,0,0,0
90,2016-05-04,11BIT,PL11BTS00015,PLN,70.69,70.69,70.0,70.5,0.69,2679,43,187.74,0,0,0
91,2016-05-05,11BIT,PL11BTS00015,PLN,70.0,70.5,70.0,70.0,-0.71,7519,47,526.37,0,0,0
92,2016-05-06,11BIT,PL11BTS00015,PLN,70.14,70.14,69.85,70.0,0.0,3122,32,218.49,0,0,0
93,2016-05-09,11BIT,PL11BTS00015,PLN,70.0,70.49,69.0,69.0,-1.43,5312,64,371.05,0,0,0
94,2016-05-10,11BIT,PL11BTS00015,PLN,69.1,70.0,68.0,70.0,1.45,3006,48,207.35,0,0,0
95,2016-05-11,11BIT,PL11BTS00015,PLN,69.98,70.0,68.55,70.0,0.0,3907,66,272.11,0,0,0
96,2016-05-12,11BIT,PL11BTS00015,PLN,69.0,69.5,69.0,69.11,-1.27,294,14,20.33,0,0,0
97,2016-05-13,11BIT,PL11BTS00015,PLN,69.1,69.5,65.41,68.0,-1.61,3212,73,216.48,0,0,0
98,2016-05-16,11BIT,PL11BTS00015,PLN,67.6,68.98,67.6,68.92,1.35,1094,33,75.34,0,0,0
99,2016-05-17,11BIT,PL11BTS00015,PLN,71.0,71.5,70.0,70.97,2.97,9567,169,676.8,0,0,0
100,2016-05-18,11BIT,PL11BTS00015,PLN,70.9,71.39,70.0,71.38,0.58,2766,44,196.15,0,0,0
101,2016-05-19,11BIT,PL11BTS00015,PLN,71.37,72.6,71.37,72.58,1.68,6459,94,466.22,0,0,0
102,2016-05-20,11BIT,PL11BTS00015,PLN,72.89,74.0,72.1,73.8,1.68,6223,113,456.81,0,0,0
103,2016-05-23,11BIT,PL11BTS00015,PLN,74.2,76.3,74.0,75.67,2.53,6192,152,465.89,0,0,0
104,2016-05-24,11BIT,PL11BTS00015,PLN,75.87,77.77,75.87,77.7,2.68,8061,133,619.51,0,0,0
105,2016-05-25,11BIT,PL11BTS00015,PLN,77.76,78.0,75.15,75.7,-2.57,2230,82,171.97,0,0,0
106,2016-05-27,11BIT,PL11BTS00015,PLN,75.51,77.4,74.0,74.0,-2.25,1998,62,150.3,0,0,0
107,2016-05-30,11BIT,PL11BTS00015,PLN,74.01,74.01,71.85,72.7,-1.76,5658,94,411.59,0,0,0
108,2016-05-31,11BIT,PL11BTS00015,PLN,72.9,73.25,71.7,72.0,-0.96,948,29,68.37,0,0,0
109,2016-06-01,11BIT,PL11BTS00015,PLN,72.0,72.0,70.0,70.05,-2.71,2158,70,152.28,0,0,0
110,2016-06-02,11BIT,PL11BTS00015,PLN,72.44,74.74,70.51,74.69,6.62,9346,125,675.29,0,0,0
111,2016-06-03,11BIT,PL11BTS00015,PLN,74.8,74.8,73.1,74.19,-0.67,1340,36,99.34,0,0,0
112,2016-06-06,11BIT,PL11BTS00015,PLN,73.99,73.99,72.3,72.5,-2.28,1543,46,111.92,0,0,0
113,2016-06-07,11BIT,PL11BTS00015,PLN,72.89,74.3,72.55,74.0,2.07,3113,49,227.9,0,0,0
114,2016-06-08,11BIT,PL11BTS00015,PLN,73.97,73.97,72.0,72.35,-2.23,5907,46,425.91,0,0,0
115,2016-06-09,11BIT,PL11BTS00015,PLN,72.1,72.88,72.0,72.5,0.21,375,20,27.04,0,0,0
116,2016-06-10,11BIT,PL11BTS00015,PLN,72.0,73.5,72.0,73.5,1.38,1431,23,104.26,0,0,0
117,2016-06-13,11BIT,PL11BTS00015,PLN,71.6,73.95,71.6,73.8,0.41,3066,59,224.67,0,0,0
118,2016-06-14,11BIT,PL11BTS00015,PLN,72.1,73.01,72.1,72.1,-2.3,1480,23,107.98,0,0,0
119,2016-06-15,11BIT,PL11BTS00015,PLN,72.2,73.6,72.2,73.6,2.08,1242,23,90.38,0,0,0
120,2016-06-16,11BIT,PL11BTS00015,PLN,73.38,73.38,71.6,71.6,-2.72,2399,53,172.96,0,0,0
121,2016-06-17,11BIT,PL11BTS00015,PLN,71.51,72.9,71.51,71.8,0.28,1239,40,89.27,0,0,0
122,2016-06-20,11BIT,PL11BTS00015,PLN,72.33,73.5,72.33,72.8,1.39,1599,21,116.55,0,0,0
123,2016-06-21,11BIT,PL11BTS00015,PLN,73.0,73.5,72.8,73.39,0.81,1680,21,122.53,0,0,0
124,2016-06-22,11BIT,PL11BTS00015,PLN,73.49,74.9,73.1,74.5,1.51,5038,58,373.71,0,0,0
125,2016-06-23,11BIT,PL11BTS00015,PLN,74.7,76.2,74.0,76.0,2.01,7038,97,531.4,0,0,0
126,2016-06-24,11BIT,PL11BTS00015,PLN,70.02,75.1,69.75,75.0,-1.32,24791,142,1804.71,0,0,0
127,2016-06-27,11BIT,PL11BTS00015,PLN,75.0,75.89,74.0,75.0,0.0,5311,53,397.9,0,0,0
128,2016-06-28,11BIT,PL11BTS00015,PLN,75.2,75.2,75.0,75.15,0.2,932,18,70.02,0,0,0
129,2016-06-29,11BIT,PL11BTS00015,PLN,75.0,76.38,75.0,76.38,1.64,1721,52,130.0,0,0,0
130,2016-06-30,11BIT,PL11BTS00015,PLN,76.4,77.0,75.5,76.99,0.8,5320,83,407.27,0,0,0
131,2016-07-01,11BIT,PL11BTS00015,PLN,76.6,78.0,76.0,77.88,1.16,4850,86,375.27,0,0,0
132,2016-07-04,11BIT,PL11BTS00015,PLN,77.48,79.8,77.0,79.8,2.47,11627,104,907.28,0,0,0
133,2016-07-05,11BIT,PL11BTS00015,PLN,79.5,81.5,79.5,81.4,2.01,9493,155,764.88,0,0,0
134,2016-07-06,11BIT,PL11BTS00015,PLN,82.9,86.49,81.9,83.3,2.33,18144,268,1531.49,0,0,0
135,2016-07-07,11BIT,PL11BTS00015,PLN,83.1,86.0,83.1,85.0,2.04,12364,130,1047.57,0,0,0
136,2016-07-08,11BIT,PL11BTS00015,PLN,84.9,84.9,81.67,82.0,-3.53,6034,95,503.01,0,0,0
137,2016-07-11,11BIT,PL11BTS00015,PLN,82.3,84.7,82.3,83.89,2.3,4154,60,346.31,0,0,0
138,2016-07-12,11BIT,PL11BTS00015,PLN,83.99,86.2,83.5,85.84,2.32,7065,126,599.83,0,0,0
139,2016-07-13,11BIT,PL11BTS00015,PLN,85.99,86.0,84.6,85.5,-0.4,2966,51,253.5,0,0,0
140,2016-07-14,11BIT,PL11BTS00015,PLN,85.5,85.5,84.32,84.32,-1.38,1691,26,144.04,0,0,0
141,2016-07-15,11BIT,PL11BTS00015,PLN,85.0,87.68,84.5,86.95,3.12,8516,154,732.5,0,0,0
142,2016-07-18,11BIT,PL11BTS00015,PLN,87.39,87.39,85.2,85.9,-1.21,2132,102,183.39,0,0,0
143,2016-07-19,11BIT,PL11BTS00015,PLN,86.0,86.0,83.5,85.79,-0.13,2261,73,192.5,0,0,0
144,2016-07-20,11BIT,PL11BTS00015,PLN,85.8,90.35,85.51,89.9,4.79,15594,241,1388.22,0,0,0
145,2016-07-21,11BIT,PL11BTS00015,PLN,90.5,91.99,87.61,88.0,-2.11,6374,138,574.14,0,0,0
146,2016-07-22,11BIT,PL11BTS00015,PLN,87.98,91.0,87.21,90.5,2.84,9116,109,820.48,0,0,0
147,2016-07-25,11BIT,PL11BTS00015,PLN,91.0,95.0,90.0,94.2,4.09,10215,200,953.16,0,0,0
148,2016-07-26,11BIT,PL11BTS00015,PLN,94.98,96.0,92.11,93.5,-0.74,8917,132,839.86,0,0,0
149,2016-07-27,11BIT,PL11BTS00015,PLN,93.5,94.0,92.0,93.9,0.43,3296,76,307.16,0,0,0
150,2016-07-28,11BIT,PL11BTS00015,PLN,92.32,92.41,91.56,91.77,-2.27,3248,72,298.99,0,0,0
151,2016-07-29,11BIT,PL11BTS00015,PLN,91.6,93.5,91.5,92.44,0.73,4852,110,448.71,0,0,0
152,2016-08-01,11BIT,PL11BTS00015,PLN,92.5,94.7,92.44,93.98,1.67,4659,131,437.05,0,0,0
153,2016-08-02,11BIT,PL11BTS00015,PLN,94.0,94.5,91.6,91.7,-2.43,5720,134,530.59,0,0,0
154,2016-08-03,11BIT,PL11BTS00015,PLN,92.0,93.0,89.51,90.9,-0.87,3805,103,347.52,0,0,0
155,2016-08-04,11BIT,PL11BTS00015,PLN,91.6,91.6,88.41,88.5,-2.64,5916,105,528.62,0,0,0
156,2016-08-05,11BIT,PL11BTS00015,PLN,90.8,92.46,88.5,92.0,3.95,3741,84,338.55,0,0,0
157,2016-08-08,11BIT,PL11BTS00015,PLN,92.97,93.78,92.0,93.63,1.77,3035,83,282.76,0,0,0
158,2016-08-09,11BIT,PL11BTS00015,PLN,93.64,95.0,92.65,94.1,0.5,1422,45,133.83,0,0,0
159,2016-08-10,11BIT,PL11BTS00015,PLN,94.0,96.0,93.41,95.99,2.01,5431,93,516.42,0,0,0
160,2016-08-11,11BIT,PL11BTS00015,PLN,96.0,101.95,95.99,99.89,4.06,11703,201,1158.66,0,0,0
161,2016-08-12,11BIT,PL11BTS00015,PLN,101.0,101.7,96.52,98.99,-0.9,4423,130,439.61,0,0,0
162,2016-08-16,11BIT,PL11BTS00015,PLN,100.0,102.4,98.5,102.4,3.44,5610,111,564.78,0,0,0
163,2016-08-17,11BIT,PL11BTS00015,PLN,103.9,104.5,100.0,100.0,-2.34,5216,129,532.75,0,0,0
164,2016-08-18,11BIT,PL11BTS00015,PLN,101.9,101.9,97.2,98.51,-1.49,5243,131,524.75,0,0,0
165,2016-08-19,11BIT,PL11BTS00015,PLN,100.0,100.5,97.5,98.5,-0.01,2909,66,288.03,0,0,0
166,2016-08-22,11BIT,PL11BTS00015,PLN,98.5,99.0,97.55,97.58,-0.93,6055,102,594.2,0,0,0
167,2016-08-23,11BIT,PL11BTS00015,PLN,98.45,105.0,98.0,103.95,6.53,11788,171,1200.45,0,0,0
168,2016-08-24,11BIT,PL11BTS00015,PLN,104.0,104.0,103.0,104.0,0.05,3672,85,381.28,0,0,0
169,2016-08-25,11BIT,PL11BTS00015,PLN,104.0,104.0,101.0,102.9,-1.06,3795,102,386.95,0,0,0
170,2016-08-26,11BIT,PL11BTS00015,PLN,101.35,104.0,101.35,103.45,0.53,3080,79,318.98,0,0,0
171,2016-08-29,11BIT,PL11BTS00015,PLN,104.2,104.2,98.03,99.5,-3.82,6995,166,700.34,0,0,0
172,2016-08-30,11BIT,PL11BTS00015,PLN,99.51,102.25,95.44,101.4,1.91,31801,365,3205.46,0,0,0
173,2016-08-31,11BIT,PL11BTS00015,PLN,101.4,102.6,100.4,101.45,0.05,8677,63,879.64,0,0,0
174,2016-09-01,11BIT,PL11BTS00015,PLN,96.8,100.45,96.8,99.75,-1.68,6307,165,622.1,0,0,0
175,2016-09-02,11BIT,PL11BTS00015,PLN,99.75,99.75,98.5,98.5,-1.25,1717,55,169.67,0,0,0
176,2016-09-05,11BIT,PL11BTS00015,PLN,98.49,113.5,97.0,112.55,14.26,18409,375,1958.09,0,0,0
177,2016-09-06,11BIT,PL11BTS00015,PLN,112.5,120.75,109.0,120.0,6.62,45700,628,5312.94,0,0,0
178,2016-09-07,11BIT,PL11BTS00015,PLN,122.4,125.0,117.1,121.9,1.58,23142,311,2782.75,0,0,0
179,2016-09-08,11BIT,PL11BTS00015,PLN,122.9,122.9,115.1,117.4,-3.69,6429,203,767.95,0,0,0
180,2016-09-09,11BIT,PL11BTS00015,PLN,117.0,117.0,108.1,116.4,-0.85,8860,219,1010.11,0,0,0
181,2016-09-12,11BIT,PL11BTS00015,PLN,116.4,119.9,114.15,118.4,1.72,2909,68,339.16,0,0,0
182,2016-09-13,11BIT,PL11BTS00015,PLN,118.4,128.0,118.4,126.25,6.63,8032,240,990.22,0,0,0
183,2016-09-14,11BIT,PL11BTS00015,PLN,127.5,132.6,127.5,130.9,3.68,8899,263,1159.3,0,0,0
184,2016-09-15,11BIT,PL11BTS00015,PLN,131.2,132.8,123.0,124.0,-5.27,11990,298,1504.09,0,0,0
185,2016-09-16,11BIT,PL11BTS00015,PLN,126.0,128.0,123.0,124.9,0.73,11247,90,1397.23,0,0,0
186,2016-09-19,11BIT,PL11BTS00015,PLN,127.85,127.85,119.05,120.0,-3.92,5839,167,716.52,0,0,0
187,2016-09-20,11BIT,PL11BTS00015,PLN,119.5,124.95,119.5,124.0,3.33,12643,71,1519.38,0,0,0
188,2016-09-21,11BIT,PL11BTS00015,PLN,124.9,124.9,120.3,123.3,-0.56,4220,65,508.72,0,0,0
189,2016-09-22,11BIT,PL11BTS00015,PLN,120.65,122.9,120.0,120.3,-2.43,1744,77,209.65,0,0,0
190,2016-09-23,11BIT,PL11BTS00015,PLN,120.3,121.0,116.5,121.0,0.58,5478,166,652.24,0,0,0
191,2016-09-26,11BIT,PL11BTS00015,PLN,119.0,120.0,116.0,118.7,-1.9,11093,75,1290.42,0,0,0
192,2016-09-27,11BIT,PL11BTS00015,PLN,117.0,118.5,115.0,115.0,-3.12,3281,106,378.75,0,0,0
193,2016-09-28,11BIT,PL11BTS00015,PLN,116.0,117.0,115.5,116.7,1.48,904,38,105.23,0,0,0
194,2016-09-29,11BIT,PL11BTS00015,PLN,115.0,130.0,115.0,130.0,11.4,25245,295,3087.1,0,0,0
195,2016-09-30,11BIT,PL11BTS00015,PLN,129.0,130.0,127.3,129.0,-0.77,4231,124,547.57,0,0,0
196,2016-10-03,11BIT,PL11BTS00015,PLN,130.0,132.4,129.2,129.2,0.16,1621,70,211.36,0,0,0
197,2016-10-04,11BIT,PL11BTS00015,PLN,127.0,129.0,123.15,123.15,-4.68,7011,253,876.22,0,0,0
198,2016-10-05,11BIT,PL11BTS00015,PLN,124.0,126.0,122.05,124.15,0.81,8874,276,1103.06,0,0,0
199,2016-10-06,11BIT,PL11BTS00015,PLN,124.15,127.95,124.15,125.9,1.41,1323,60,166.93,0,0,0
200,2016-10-07,11BIT,PL11BTS00015,PLN,126.0,126.3,119.0,124.4,-1.19,2006,94,246.64,0,0,0
201,2016-10-10,11BIT,PL11BTS00015,PLN,124.4,124.4,121.6,124.2,-0.16,594,37,72.77,0,0,0
202,2016-10-11,11BIT,PL11BTS00015,PLN,122.6,125.5,119.0,122.5,-1.37,4133,107,501.0,0,0,0
203,2016-10-12,11BIT,PL11BTS00015,PLN,122.5,122.5,119.0,122.2,-0.24,4117,81,492.63,0,0,0
204,2016-10-13,11BIT,PL11BTS00015,PLN,121.7,125.0,118.0,119.45,-2.25,9025,145,1089.82,0,0,0
205,2016-10-14,11BIT,PL11BTS00015,PLN,119.45,120.9,118.7,119.9,0.38,4402,88,524.5,0,0,0
206,2016-10-17,11BIT,PL11BTS00015,PLN,120.0,121.0,119.0,119.85,-0.04,4743,83,566.45,0,0,0
207,2016-10-18,11BIT,PL11BTS00015,PLN,119.95,119.95,116.6,119.0,-0.71,5071,97,602.84,0,0,0
208,2016-10-19,11BIT,PL11BTS00015,PLN,119.0,119.0,117.1,118.0,-0.84,11278,209,1335.29,0,0,0
209,2016-10-20,11BIT,PL11BTS00015,PLN,119.0,121.0,116.9,119.0,0.85,6704,89,798.59,0,0,0
210,2016-10-21,11BIT,PL11BTS00015,PLN,119.0,120.2,117.4,119.4,0.34,11623,51,1375.27,0,0,0
211,2016-10-24,11BIT,PL11BTS00015,PLN,119.4,127.0,117.7,123.85,3.73,9469,226,1156.4,0,0,0
212,2016-10-25,11BIT,PL11BTS00015,PLN,126.4,126.4,119.25,119.9,-3.19,6282,168,769.92,0,0,0
213,2016-10-26,11BIT,PL11BTS00015,PLN,120.0,120.55,118.0,119.9,0.0,6757,100,800.33,0,0,0
214,2016-10-27,11BIT,PL11BTS00015,PLN,119.8,120.0,117.5,119.8,-0.08,17228,108,2035.15,0,0,0
215,2016-10-28,11BIT,PL11BTS00015,PLN,120.75,123.65,120.75,123.0,2.67,3729,49,455.65,0,0,0
216,2016-10-31,11BIT,PL11BTS00015,PLN,124.9,124.9,123.3,124.0,0.81,626,37,77.86,0,0,0
217,2016-11-02,11BIT,PL11BTS00015,PLN,124.0,124.0,118.4,118.4,-4.52,2866,123,342.93,0,0,0
218,2016-11-03,11BIT,PL11BTS00015,PLN,118.4,118.85,118.4,118.75,0.3,1252,52,148.33,0,0,0
219,2016-11-04,11BIT,PL11BTS00015,PLN,118.6,120.0,118.45,118.6,-0.13,824,43,98.17,0,0,0
220,2016-11-07,11BIT,PL11BTS00015,PLN,118.6,118.7,118.45,118.5,-0.08,723,49,85.68,0,0,0
221,2016-11-08,11BIT,PL11BTS00015,PLN,118.7,119.9,118.0,118.0,-0.42,911,44,107.83,0,0,0
222,2016-11-09,11BIT,PL11BTS00015,PLN,117.0,121.0,115.5,120.6,2.2,2800,99,328.18,0,0,0
223,2016-11-10,11BIT,PL11BTS00015,PLN,122.3,123.8,119.3,119.3,-1.08,1877,85,229.94,0,0,0
224,2016-11-14,11BIT,PL11BTS00015,PLN,119.3,122.45,118.6,118.6,-0.59,1020,54,122.79,0,0,0
225,2016-11-15,11BIT,PL11BTS00015,PLN,119.0,122.0,118.0,118.2,-0.34,3303,86,394.29,0,0,0
226,2016-11-16,11BIT,PL11BTS00015,PLN,118.2,119.7,118.0,119.55,1.14,4261,48,503.46,0,0,0
227,2016-11-17,11BIT,PL11BTS00015,PLN,119.55,119.55,118.2,118.2,-1.13,1250,36,148.01,0,0,0
228,2016-11-18,11BIT,PL11BTS00015,PLN,118.2,121.0,117.75,121.0,2.37,5544,84,659.01,0,0,0
229,2016-11-21,11BIT,PL11BTS00015,PLN,120.85,121.95,118.0,120.55,-0.37,1803,50,213.9,0,0,0
230,2016-11-22,11BIT,PL11BTS00015,PLN,119.0,123.0,119.0,122.5,1.62,1720,60,210.41,0,0,0
231,2016-11-23,11BIT,PL11BTS00015,PLN,123.0,123.0,119.4,121.0,-1.22,739,51,89.55,0,0,0
232,2016-11-24,11BIT,PL11BTS00015,PLN,122.3,128.7,122.2,124.7,3.06,14167,370,1783.04,0,0,0
233,2016-11-25,11BIT,PL11BTS00015,PLN,126.8,127.6,123.0,126.4,1.36,3386,86,423.25,0,0,0
234,2016-11-28,11BIT,PL11BTS00015,PLN,127.6,136.0,125.5,131.0,3.64,15587,288,2047.97,0,0,0
235,2016-11-29,11BIT,PL11BTS00015,PLN,133.95,134.5,132.1,132.5,1.15,9902,267,1319.82,0,0,0
236,2016-11-30,11BIT,PL11BTS00015,PLN,133.5,133.5,129.6,132.2,-0.23,4546,132,599.13,0,0,0
237,2016-12-01,11BIT,PL11BTS00015,PLN,132.8,133.35,130.65,132.2,0.0,3276,60,433.7,0,0,0
238,2016-12-02,11BIT,PL11BTS00015,PLN,132.25,132.8,130.8,132.8,0.45,3094,82,407.62,0,0,0
239,2016-12-05,11BIT,PL11BTS00015,PLN,134.0,139.45,134.0,138.0,3.92,8611,210,1187.7,0,0,0
240,2016-12-06,11BIT,PL11BTS00015,PLN,139.5,144.6,138.0,139.65,1.2,5601,187,788.3,0,0,0
241,2016-12-07,11BIT,PL11BTS00015,PLN,143.0,143.0,138.0,138.0,-1.18,6487,193,907.59,0,0,0
242,2016-12-08,11BIT,PL11BTS00015,PLN,138.0,139.0,134.05,138.95,0.69,9153,286,1241.58,0,0,0
243,2016-12-09,11BIT,PL11BTS00015,PLN,138.0,139.6,135.0,137.3,-1.19,4086,112,561.99,0,0,0
244,2016-12-12,11BIT,PL11BTS00015,PLN,137.2,142.5,136.3,140.3,2.18,8170,126,1141.0,0,0,0
245,2016-12-13,11BIT,PL11BTS00015,PLN,142.0,146.0,140.55,145.9,3.99,6914,169,997.5,0,0,0
246,2016-12-14,11BIT,PL11BTS00015,PLN,147.0,149.0,143.0,143.5,-1.64,5351,233,784.97,0,0,0
247,2016-12-15,11BIT,PL11BTS00015,PLN,143.5,148.55,143.5,147.3,2.65,3312,118,487.2,0,0,0
248,2016-12-16,11BIT,PL11BTS00015,PLN,147.9,148.1,146.0,146.8,-0.34,3494,119,513.88,0,0,0
249,2016-12-19,11BIT,PL11BTS00015,PLN,146.65,146.65,136.5,139.9,-4.7,12076,408,1692.58,0,0,0
250,2016-12-20,11BIT,PL11BTS00015,PLN,139.0,139.0,136.0,139.0,-0.64,11130,190,1535.0,0,0,0
251,2016-12-21,11BIT,PL11BTS00015,PLN,138.8,142.9,137.0,142.0,2.16,13828,145,1914.69,0,0,0
252,2016-12-22,11BIT,PL11BTS00015,PLN,140.0,148.4,140.0,146.0,2.82,19953,201,2906.0,0,0,0
253,2016-12-23,11BIT,PL11BTS00015,PLN,147.5,147.6,145.4,146.5,0.34,12891,85,1889.81,0,0,0
254,2016-12-27,11BIT,PL11BTS00015,PLN,147.5,148.0,146.2,148.0,1.02,12172,179,1797.32,0,0,0
255,2016-12-28,11BIT,PL11BTS00015,PLN,147.95,148.5,147.15,148.2,0.14,15369,130,2274.71,0,0,0
256,2016-12-29,11BIT,PL11BTS00015,PLN,148.2,149.0,146.5,148.2,0.0,5004,94,738.6,0,0,0
257,2016-12-30,11BIT,PL11BTS00015,PLN,146.9,147.8,146.5,146.8,-0.94,6545,63,961.63,0,0,0
258,2017-01-02,11BIT,PL11BTS00015,PLN,147.0,149.0,145.3,147.1,0.2,2668,90,392.32,0,0,0
259,2017-01-03,11BIT,PL11BTS00015,PLN,147.15,148.0,145.8,147.1,0.0,4383,87,643.52,0,0,0
260,2017-01-04,11BIT,PL11BTS00015,PLN,147.9,152.5,147.9,151.05,2.69,4327,131,649.83,0,0,0
261,2017-01-05,11BIT,PL11BTS00015,PLN,152.0,153.0,151.0,153.0,1.29,4099,114,623.8,0,0,0
262,2017-01-09,11BIT,PL11BTS00015,PLN,154.0,154.0,151.0,152.9,-0.07,1996,97,303.88,0,0,0
263,2017-01-10,11BIT,PL11BTS00015,PLN,153.9,153.9,150.0,150.0,-1.9,7549,147,1140.6,0,0,0
264,2017-01-11,11BIT,PL11BTS00015,PLN,152.4,152.4,148.5,149.5,-0.33,6474,156,972.66,0,0,0
265,2017-01-12,11BIT,PL11BTS00015,PLN,150.0,150.0,141.75,144.0,-3.68,10054,227,1468.36,0,0,0
266,2017-01-13,11BIT,PL11BTS00015,PLN,144.0,145.0,139.0,141.0,-2.08,12748,306,1798.77,0,0,0
267,2017-01-16,11BIT,PL11BTS00015,PLN,142.5,145.0,140.2,144.0,2.13,8433,171,1215.59,0,0,0
268,2017-01-17,11BIT,PL11BTS00015,PLN,149.0,149.0,145.1,147.0,2.08,3585,98,526.55,0,0,0
269,2017-01-18,11BIT,PL11BTS00015,PLN,147.0,147.0,145.0,146.5,-0.34,2132,71,310.23,0,0,0
270,2017-01-19,11BIT,PL11BTS00015,PLN,147.0,147.0,139.5,142.0,-3.07,16224,233,2301.98,0,0,0
271,2017-01-20,11BIT,PL11BTS00015,PLN,143.0,143.2,139.5,142.0,0.0,12743,263,1786.49,0,0,0
272,2017-01-23,11BIT,PL11BTS00015,PLN,142.9,143.0,140.0,141.9,-0.07,7996,149,1125.87,0,0,0
273,2017-01-24,11BIT,PL11BTS00015,PLN,141.75,141.75,140.0,140.1,-1.27,13906,161,1948.37,0,0,0
274,2017-01-25,11BIT,PL11BTS00015,PLN,140.9,143.1,140.25,142.4,1.64,4646,148,659.35,0,0,0
275,2017-01-26,11BIT,PL11BTS00015,PLN,143.55,143.55,140.05,140.5,-1.33,7460,188,1054.16,0,0,0
276,2017-01-27,11BIT,PL11BTS00015,PLN,139.2,142.7,135.15,138.5,-1.42,21188,342,2932.21,0,0,0
277,2017-01-30,11BIT,PL11BTS00015,PLN,139.7,139.7,133.5,138.35,-0.11,19185,461,2607.89,0,0,0
278,2017-01-31,11BIT,PL11BTS00015,PLN,138.5,144.0,137.0,143.0,3.36,10659,193,1514.04,0,0,0
279,2017-02-01,11BIT,PL11BTS00015,PLN,144.0,144.0,142.05,143.0,0.0,1854,93,265.71,0,0,0
280,2017-02-02,11BIT,PL11BTS00015,PLN,145.0,153.5,145.0,150.5,5.24,31227,448,4641.33,0,0,0
281,2017-02-03,11BIT,PL11BTS00015,PLN,145.0,153.5,144.6,153.0,1.66,17301,467,2570.43,0,0,0
282,2017-02-06,11BIT,PL11BTS00015,PLN,155.1,159.45,153.0,159.4,4.18,15271,395,2396.82,0,0,0
283,2017-02-07,11BIT,PL11BTS00015,PLN,160.0,161.5,158.9,159.7,0.19,6724,253,1075.82,0,0,0
284,2017-02-08,11BIT,PL11BTS00015,PLN,161.0,161.0,153.1,154.0,-3.57,11239,361,1763.63,0,0,0
285,2017-02-09,11BIT,PL11BTS00015,PLN,156.4,160.9,155.1,160.75,4.38,8059,225,1278.86,0,0,0
286,2017-02-10,11BIT,PL11BTS00015,PLN,160.8,161.5,159.45,160.5,-0.16,6468,136,1039.36,0,0,0
287,2017-02-13,11BIT,PL11BTS00015,PLN,161.0,165.3,161.0,164.5,2.49,7759,182,1268.79,0,0,0
288,2017-02-14,11BIT,PL11BTS00015,PLN,168.0,168.0,162.55,163.5,-0.61,8197,258,1354.89,0,0,0
289,2017-02-15,11BIT,PL11BTS00015,PLN,164.0,164.0,155.45,162.2,-0.8,6037,228,966.99,0,0,0
290,2017-02-16,11BIT,PL11BTS00015,PLN,162.2,162.2,158.5,159.6,-1.6,5642,196,899.63,0,0,0
291,2017-02-17,11BIT,PL11BTS00015,PLN,159.1,161.95,158.5,158.5,-0.69,6843,192,1095.31,0,0,0
292,2017-02-20,11BIT,PL11BTS00015,PLN,162.8,168.0,162.7,168.0,5.99,14162,464,2351.26,0,0,0
293,2017-02-21,11BIT,PL11BTS00015,PLN,172.2,187.9,172.2,186.9,11.25,48328,1256,8699.32,0,0,0
294,2017-02-22,11BIT,PL11BTS00015,PLN,195.0,197.6,187.45,187.5,0.32,28169,1064,5441.12,0,0,0
295,2017-02-23,11BIT,PL11BTS00015,PLN,190.05,194.35,190.05,194.0,3.47,11548,376,2221.24,0,0,0
296,2017-02-24,11BIT,PL11BTS00015,PLN,195.0,196.4,186.9,190.0,-2.06,15667,578,2999.4,0,0,0
297,2017-02-27,11BIT,PL11BTS00015,PLN,190.0,194.0,190.0,191.0,0.53,9765,328,1878.57,0,0,0
298,2017-02-28,11BIT,PL11BTS00015,PLN,193.95,193.95,187.1,192.0,0.52,9131,284,1749.74,0,0,0
299,2017-03-01,11BIT,PL11BTS00015,PLN,193.0,193.85,192.55,192.75,0.39,4855,208,937.96,0,0,0
300,2017-03-02,11BIT,PL11BTS00015,PLN,193.5,193.5,189.0,190.9,-0.96,6284,283,1197.73,0,0,0
301,2017-03-03,11BIT,PL11BTS00015,PLN,188.0,188.8,187.0,187.1,-1.99,11275,353,2111.67,0,0,0
302,2017-03-06,11BIT,PL11BTS00015,PLN,185.5,187.0,183.5,187.0,-0.05,7921,259,1467.15,0,0,0
303,2017-03-07,11BIT,PL11BTS00015,PLN,185.1,186.0,181.0,182.15,-2.59,11033,341,2028.58,0,0,0
304,2017-03-08,11BIT,PL11BTS00015,PLN,182.15,183.0,175.6,179.9,-1.24,6797,272,1222.44,0,0,0
305,2017-03-09,11BIT,PL11BTS00015,PLN,180.5,180.5,175.0,175.0,-2.72,6075,254,1079.33,0,0,0
306,2017-03-10,11BIT,PL11BTS00015,PLN,174.65,180.0,174.65,179.2,2.4,3921,207,699.53,0,0,0
307,2017-03-13,11BIT,PL11BTS00015,PLN,189.9,189.9,182.0,186.0,3.79,6758,245,1255.21,0,0,0
308,2017-03-14,11BIT,PL11BTS00015,PLN,187.9,188.8,184.0,187.0,0.54,3931,164,731.46,0,0,0
309,2017-03-15,11BIT,PL11BTS00015,PLN,187.0,187.0,184.5,185.0,-1.07,4210,132,779.71,0,0,0
310,2017-03-16,11BIT,PL11BTS00015,PLN,187.9,187.95,185.5,187.05,1.11,2458,115,459.78,0,0,0
311,2017-03-17,11BIT,PL11BTS00015,PLN,188.05,188.05,186.6,188.0,0.51,2581,93,484.43,0,0,0
312,2017-03-20,11BIT,PL11BTS00015,PLN,188.45,189.05,186.0,188.0,0.0,2460,129,461.37,0,0,0
313,2017-03-21,11BIT,PL11BTS00015,PLN,189.0,193.9,187.35,189.0,0.53,9075,252,1727.05,0,0,0
314,2017-03-22,11BIT,PL11BTS00015,PLN,187.8,187.8,186.1,187.0,-1.06,9737,150,1819.63,0,0,0
315,2017-03-23,11BIT,PL11BTS00015,PLN,187.0,188.0,187.0,187.2,0.11,3572,100,668.46,0,0,0
316,2017-03-24,11BIT,PL11BTS00015,PLN,191.0,191.0,186.25,188.0,0.43,1729,103,325.06,0,0,0
317,2017-03-27,11BIT,PL11BTS00015,PLN,187.1,188.0,186.65,187.2,-0.43,3258,124,609.71,0,0,0
318,2017-03-28,11BIT,PL11BTS00015,PLN,188.0,190.0,187.35,190.0,1.5,1418,98,267.73,0,0,0
319,2017-03-29,11BIT,PL11BTS00015,PLN,190.9,191.9,187.1,188.5,-0.79,4466,141,845.15,0,0,0
320,2017-03-30,11BIT,PL11BTS00015,PLN,190.0,190.0,185.1,188.0,-0.27,6903,122,1290.57,0,0,0
321,2017-03-31,11BIT,PL11BTS00015,PLN,190.0,192.95,187.1,191.0,1.6,12929,356,2457.13,0,0,0
322,2017-04-03,11BIT,PL11BTS00015,PLN,191.8,192.9,191.05,192.6,0.84,2995,191,575.87,0,0,0
323,2017-04-04,11BIT,PL11BTS00015,PLN,192.95,192.95,191.0,192.95,0.18,5672,155,1089.89,0,0,0
324,2017-04-05,11BIT,PL11BTS00015,PLN,192.95,203.9,191.1,203.0,5.21,15589,480,3094.87,0,0,0
325,2017-04-06,11BIT,PL11BTS00015,PLN,202.9,212.0,202.1,211.95,4.41,13911,615,2904.17,0,0,0
326,2017-04-07,11BIT,PL11BTS00015,PLN,213.05,214.0,207.0,209.0,-1.39,8831,386,1855.49,0,0,0
327,2017-04-10,11BIT,PL11BTS00015,PLN,211.8,212.0,203.0,204.9,-1.96,4487,171,931.75,0,0,0
328,2017-04-11,11BIT,PL11BTS00015,PLN,203.0,204.0,192.0,192.0,-6.3,17555,737,3449.38,0,0,0
329,2017-04-12,11BIT,PL11BTS00015,PLN,192.0,196.95,191.55,192.0,0.0,9140,313,1762.87,0,0,0
330,2017-04-13,11BIT,PL11BTS00015,PLN,192.0,201.8,191.8,193.5,0.78,4485,255,885.34,0,0,0
331,2017-04-18,11BIT,PL11BTS00015,PLN,193.5,198.4,193.0,193.55,0.03,3627,166,705.05,0,0,0
332,2017-04-19,11BIT,PL11BTS00015,PLN,195.3,195.3,191.5,193.0,-0.28,3085,186,595.53,0,0,0
333,2017-04-20,11BIT,PL11BTS00015,PLN,193.7,193.7,186.15,191.4,-0.83,14344,335,2738.17,0,0,0
334,2017-04-21,11BIT,PL11BTS00015,PLN,190.15,192.45,189.0,190.6,-0.42,3803,153,724.13,0,0,0
335,2017-04-24,11BIT,PL11BTS00015,PLN,192.0,192.0,187.0,188.0,-1.36,7773,241,1473.06,0,0,0
336,2017-04-25,11BIT,PL11BTS00015,PLN,188.0,188.0,176.6,185.15,-1.52,13661,511,2505.27,0,0,0
337,2017-04-26,11BIT,PL11BTS00015,PLN,185.15,185.15,172.55,181.0,-2.24,30503,610,5465.51,0,0,0
338,2017-04-27,11BIT,PL11BTS00015,PLN,181.0,188.4,175.0,187.7,3.7,6601,272,1218.15,0,0,0
339,2017-04-28,11BIT,PL11BTS00015,PLN,189.0,190.5,180.0,185.0,-1.44,22368,415,4169.91,0,0,0
340,2017-05-02,11BIT,PL11BTS00015,PLN,182.1,189.4,182.1,189.0,2.16,4087,154,761.88,0,0,0
341,2017-05-04,11BIT,PL11BTS00015,PLN,190.0,193.0,187.5,189.0,0.0,47896,138,9053.97,0,0,0
342,2017-05-05,11BIT,PL11BTS00015,PLN,190.0,190.0,186.0,189.0,0.0,1164,87,218.92,0,0,0
343,2017-05-08,11BIT,PL11BTS00015,PLN,185.0,185.0,177.1,182.85,-3.25,11470,297,2087.56,0,0,0
344,2017-05-09,11BIT,PL11BTS00015,PLN,183.0,183.0,172.25,180.0,-1.56,16748,487,2974.31,0,0,0
345,2017-05-10,11BIT,PL11BTS00015,PLN,180.0,181.3,176.0,180.0,0.0,5155,215,922.64,0,0,0
346,2017-05-11,11BIT,PL11BTS00015,PLN,176.5,179.75,176.5,177.15,-1.58,2153,106,383.47,0,0,0
347,2017-05-12,11BIT,PL11BTS00015,PLN,173.0,186.0,163.25,183.5,3.58,33392,491,5939.43,0,0,0
348,2017-05-15,11BIT,PL11BTS00015,PLN,183.5,194.0,183.0,191.9,4.58,10915,258,2050.11,0,0,0
349,2017-05-16,11BIT,PL11BTS00015,PLN,192.0,197.0,192.0,195.0,1.62,7697,340,1501.71,0,0,0
350,2017-05-17,11BIT,PL11BTS00015,PLN,195.0,195.95,190.0,193.0,-1.03,5599,201,1078.14,0,0,0
351,2017-05-18,11BIT,PL11BTS00015,PLN,191.0,192.95,188.0,190.7,-1.19,2881,135,547.7,0,0,0
352,2017-05-19,11BIT,PL11BTS00015,PLN,191.9,191.9,188.1,191.9,0.63,2291,92,436.41,0,0,0
353,2017-05-22,11BIT,PL11BTS00015,PLN,192.0,199.0,192.0,194.85,1.54,5620,198,1100.3,0,0,0
354,2017-05-23,11BIT,PL11BTS00015,PLN,197.8,197.8,192.05,192.05,-1.44,3347,108,654.57,0,0,0
355,2017-05-24,11BIT,PL11BTS00015,PLN,190.0,193.0,188.0,193.0,0.49,4786,136,906.25,0,0,0
356,2017-05-25,11BIT,PL11BTS00015,PLN,192.8,192.95,189.0,190.0,-1.55,1997,84,381.31,0,0,0
357,2017-05-26,11BIT,PL11BTS00015,PLN,190.0,190.0,186.6,188.4,-0.84,2746,88,516.24,0,0,0
358,2017-05-29,11BIT,PL11BTS00015,PLN,186.0,187.6,185.5,186.0,-1.27,4359,83,813.55,0,0,0
359,2017-05-30,11BIT,PL11BTS00015,PLN,186.0,186.8,181.65,184.5,-0.81,4863,224,895.1,0,0,0
360,2017-05-31,11BIT,PL11BTS00015,PLN,184.55,184.95,178.0,184.5,0.0,9087,216,1641.17,0,0,0
361,2017-06-01,11BIT,PL11BTS00015,PLN,183.95,184.9,180.5,182.3,-1.19,2967,115,539.97,0,0,0
362,2017-06-02,11BIT,PL11BTS00015,PLN,183.5,185.0,182.15,182.45,0.08,5469,171,1003.96,0,0,0
363,2017-06-05,11BIT,PL11BTS00015,PLN,182.4,183.85,181.15,181.15,-0.71,24460,97,4473.5,0,0,0
364,2017-06-06,11BIT,PL11BTS00015,PLN,181.5,189.5,181.0,187.5,3.51,7495,155,1400.85,0,0,0
365,2017-06-07,11BIT,PL11BTS00015,PLN,189.0,189.0,186.4,187.9,0.21,2135,57,400.66,0,0,0
366,2017-06-08,11BIT,PL11BTS00015,PLN,187.9,188.3,186.0,186.0,-1.01,1933,72,362.18,0,0,0
367,2017-06-09,11BIT,PL11BTS00015,PLN,187.0,187.9,185.9,187.4,0.75,1002,67,187.32,0,0,0
368,2017-06-12,11BIT,PL11BTS00015,PLN,187.8,187.8,183.4,185.5,-1.01,2784,114,515.5,0,0,0
369,2017-06-13,11BIT,PL11BTS00015,PLN,182.5,185.5,182.5,184.4,-0.59,2599,85,478.94,0,0,0
370,2017-06-14,11BIT,PL11BTS00015,PLN,186.0,186.0,179.75,180.25,-2.25,3173,152,575.25,0,0,0
371,2017-06-16,11BIT,PL11BTS00015,PLN,188.5,188.5,182.0,183.0,1.53,1559,87,286.59,0,0,0
372,2017-06-19,11BIT,PL11BTS00015,PLN,188.0,188.0,179.1,179.75,-1.78,3651,193,664.87,0,0,0
373,2017-06-20,11BIT,PL11BTS00015,PLN,180.0,180.0,168.0,171.0,-4.87,11017,455,1915.47,0,0,0
374,2017-06-21,11BIT,PL11BTS00015,PLN,171.55,177.6,159.2,177.0,3.51,17396,488,2928.35,0,0,0
375,2017-06-22,11BIT,PL11BTS00015,PLN,179.0,184.75,179.0,184.0,3.95,5434,200,989.92,0,0,0
376,2017-06-23,11BIT,PL11BTS00015,PLN,184.5,184.5,182.0,183.6,-0.22,766,50,140.49,0,0,0
377,2017-06-26,11BIT,PL11BTS00015,PLN,183.0,183.0,178.85,179.9,-2.02,1807,104,325.62,0,0,0
378,2017-06-27,11BIT,PL11BTS00015,PLN,179.0,179.8,175.0,179.0,-0.5,1355,101,240.19,0,0,0
379,2017-06-28,11BIT,PL11BTS00015,PLN,179.0,179.7,176.1,179.7,0.39,1429,83,255.1,0,0,0
380,2017-06-29,11BIT,PL11BTS00015,PLN,178.0,185.0,176.5,185.0,2.95,2510,126,456.38,0,0,0
381,2017-06-30,11BIT,PL11BTS00015,PLN,182.0,183.2,178.5,183.0,-1.08,7481,170,1355.58,0,0,0
382,2017-07-03,11BIT,PL11BTS00015,PLN,183.7,183.7,179.0,180.0,-1.64,882,51,158.73,0,0,0
383,2017-07-04,11BIT,PL11BTS00015,PLN,180.0,180.0,176.5,179.9,-0.06,13279,82,2367.57,0,0,0
384,2017-07-05,11BIT,PL11BTS00015,PLN,178.0,180.0,176.9,177.5,-1.33,17313,69,3080.68,0,0,0
385,2017-07-06,11BIT,PL11BTS00015,PLN,179.55,179.55,176.25,176.5,-0.56,966,67,170.97,0,0,0
386,2017-07-07,11BIT,PL11BTS00015,PLN,176.1,177.95,176.0,176.1,-0.23,4154,58,732.77,0,0,0
387,2017-07-10,11BIT,PL11BTS00015,PLN,177.5,177.5,176.0,176.9,0.45,1646,74,290.19,0,0,0
388,2017-07-11,11BIT,PL11BTS00015,PLN,177.5,177.5,176.0,176.0,-0.51,2412,53,426.58,0,0,0
389,2017-07-12,11BIT,PL11BTS00015,PLN,175.0,175.0,173.7,174.4,-0.91,2495,88,434.53,0,0,0
390,2017-07-13,11BIT,PL11BTS00015,PLN,174.4,174.4,170.5,170.8,-2.06,2631,173,452.79,0,0,0
391,2017-07-14,11BIT,PL11BTS00015,PLN,170.5,178.6,170.5,178.4,4.45,3633,151,630.47,0,0,0
392,2017-07-17,11BIT,PL11BTS00015,PLN,180.0,181.8,178.5,179.5,0.62,1953,77,350.13,0,0,0
393,2017-07-18,11BIT,PL11BTS00015,PLN,179.5,179.5,175.1,179.2,-0.17,2876,70,512.42,0,0,0
394,2017-07-19,11BIT,PL11BTS00015,PLN,179.0,180.3,177.15,179.0,-0.11,9197,83,1647.48,0,0,0
395,2017-07-20,11BIT,PL11BTS00015,PLN,180.0,183.0,180.0,180.0,0.56,4060,128,733.61,0,0,0
396,2017-07-21,11BIT,PL11BTS00015,PLN,180.0,182.75,180.0,181.9,1.06,2347,85,422.89,0,0,0
397,2017-07-24,11BIT,PL11BTS00015,PLN,182.3,182.95,180.0,181.9,0.0,2362,66,425.88,0,0,0
398,2017-07-25,11BIT,PL11BTS00015,PLN,181.9,183.5,180.0,183.0,0.6,8123,93,1477.19,0,0,0
399,2017-07-26,11BIT,PL11BTS00015,PLN,185.0,193.5,184.0,191.45,4.62,54822,362,10334.61,0,0,0
400,2017-07-27,11BIT,PL11BTS00015,PLN,192.0,195.4,189.0,195.4,2.06,5861,217,1133.24,0,0,0
401,2017-07-28,11BIT,PL11BTS00015,PLN,194.9,195.3,192.65,195.0,-0.2,1827,95,354.93,0,0,0
402,2017-07-31,11BIT,PL11BTS00015,PLN,195.45,197.1,193.6,197.1,1.08,3174,133,620.51,0,0,0
403,2017-08-01,11BIT,PL11BTS00015,PLN,197.9,201.0,191.95,194.9,-1.12,4238,196,837.01,0,0,0
404,2017-08-02,11BIT,PL11BTS00015,PLN,193.85,193.85,189.25,190.8,-2.1,12255,193,2340.4,0,0,0
405,2017-08-03,11BIT,PL11BTS00015,PLN,190.85,190.85,186.0,190.75,-0.03,2688,133,509.23,0,0,0
406,2017-08-04,11BIT,PL11BTS00015,PLN,190.75,193.65,186.0,189.95,-0.42,1414,79,270.79,0,0,0
407,2017-08-07,11BIT,PL11BTS00015,PLN,193.3,193.3,181.0,189.0,-0.5,1653,108,310.35,0,0,0
408,2017-08-08,11BIT,PL11BTS00015,PLN,187.85,189.0,183.0,184.9,-2.17,3734,148,691.37,0,0,0
409,2017-08-09,11BIT,PL11BTS00015,PLN,184.0,186.5,183.6,186.5,0.87,919,54,170.27,0,0,0
410,2017-08-10,11BIT,PL11BTS00015,PLN,186.5,186.5,182.5,182.9,-1.93,1714,86,314.94,0,0,0
411,2017-08-11,11BIT,PL11BTS00015,PLN,183.0,184.8,181.2,183.2,0.16,1408,84,257.11,0,0,0
412,2017-08-14,11BIT,PL11BTS00015,PLN,182.0,184.4,182.0,184.0,0.44,952,52,174.4,0,0,0
413,2017-08-16,11BIT,PL11BTS00015,PLN,184.0,187.9,184.0,187.0,1.63,3182,120,592.76,0,0,0
414,2017-08-17,11BIT,PL11BTS00015,PLN,188.0,190.0,187.0,189.0,1.07,1650,117,310.81,0,0,0
415,2017-08-18,11BIT,PL11BTS00015,PLN,189.0,189.95,187.55,189.0,0.0,795,69,149.67,0,0,0
416,2017-08-21,11BIT,PL11BTS00015,PLN,191.0,193.8,190.0,193.55,2.41,4002,145,769.02,0,0,0
417,2017-08-22,11BIT,PL11BTS00015,PLN,193.9,196.75,193.55,194.0,0.23,5366,168,1044.18,0,0,0
418,2017-08-23,11BIT,PL11BTS00015,PLN,193.65,193.7,187.0,188.0,-3.09,6541,182,1231.53,0,0,0
419,2017-08-24,11BIT,PL11BTS00015,PLN,189.1,190.6,187.65,187.65,-0.19,3548,168,670.97,0,0,0
420,2017-08-25,11BIT,PL11BTS00015,PLN,188.2,192.4,187.8,190.85,1.71,2814,137,536.86,0,0,0
421,2017-08-28,11BIT,PL11BTS00015,PLN,190.85,195.0,189.5,195.0,2.17,6177,246,1180.82,0,0,0
422,2017-08-29,11BIT,PL11BTS00015,PLN,195.0,196.75,191.15,196.75,0.9,8015,360,1557.52,0,0,0
423,2017-08-30,11BIT,PL11BTS00015,PLN,197.05,207.8,197.05,207.8,5.62,22729,635,4624.02,0,0,0
424,2017-08-31,11BIT,PL11BTS00015,PLN,208.0,213.8,207.8,210.0,1.06,21658,561,4574.42,0,0,0
425,2017-09-01,11BIT,PL11BTS00015,PLN,209.7,209.7,196.0,205.0,-2.38,25537,651,5150.73,0,0,0
426,2017-09-04,11BIT,PL11BTS00015,PLN,205.0,205.0,199.0,200.7,-2.1,19079,271,3831.11,0,0,0
427,2017-09-05,11BIT,PL11BTS00015,PLN,200.8,200.95,191.6,192.0,-4.33,11670,442,2291.7,0,0,0
428,2017-09-06,11BIT,PL11BTS00015,PLN,191.9,197.5,188.05,194.0,1.04,9514,206,1844.44,0,0,0
429,2017-09-07,11BIT,PL11BTS00015,PLN,196.0,199.0,195.0,195.7,0.88,3670,149,722.27,0,0,0
430,2017-09-08,11BIT,PL11BTS00015,PLN,196.7,197.55,195.5,195.6,-0.05,4956,179,973.56,0,0,0
431,2017-09-11,11BIT,PL11BTS00015,PLN,196.2,200.7,196.2,200.5,2.51,4333,235,865.64,0,0,0
432,2017-09-12,11BIT,PL11BTS00015,PLN,203.95,204.2,201.35,204.0,1.75,8605,268,1753.04,0,0,0
433,2017-09-13,11BIT,PL11BTS00015,PLN,204.3,205.55,200.5,203.4,-0.29,4797,209,977.8,0,0,0
434,2017-09-14,11BIT,PL11BTS00015,PLN,204.0,204.0,201.4,201.4,-0.98,2440,119,494.13,0,0,0
435,2017-09-15,11BIT,PL11BTS00015,PLN,201.4,203.3,182.2,195.5,-2.93,29026,864,5543.36,0,0,0
436,2017-09-18,11BIT,PL11BTS00015,PLN,195.0,197.4,190.0,194.0,-0.77,7330,247,1414.2,0,0,0
437,2017-09-19,11BIT,PL11BTS00015,PLN,197.0,197.0,193.8,194.9,0.46,1704,91,330.99,0,0,0
438,2017-09-20,11BIT,PL11BTS00015,PLN,193.9,194.15,191.0,191.15,-1.92,7748,272,1487.02,0,0,0
439,2017-09-21,11BIT,PL11BTS00015,PLN,191.2,191.7,187.65,187.65,-1.83,5374,240,1019.63,0,0,0
440,2017-09-22,11BIT,PL11BTS00015,PLN,187.5,191.5,186.0,190.0,1.25,3735,136,704.49,0,0,0
441,2017-09-25,11BIT,PL11BTS00015,PLN,190.0,190.9,180.0,184.3,-3.0,18909,439,3458.8,0,0,0
442,2017-09-26,11BIT,PL11BTS00015,PLN,183.0,187.15,182.0,185.0,0.38,5372,161,990.9,0,0,0
443,2017-09-27,11BIT,PL11BTS00015,PLN,184.5,187.85,184.5,184.5,-0.27,3565,110,662.86,0,0,0
444,2017-09-28,11BIT,PL11BTS00015,PLN,186.8,186.8,184.0,184.95,0.24,1276,75,235.82,0,0,0
445,2017-09-29,11BIT,PL11BTS00015,PLN,186.85,193.4,184.2,193.4,4.57,16904,248,3205.06,0,0,0
446,2017-10-02,11BIT,PL11BTS00015,PLN,195.0,196.0,190.15,193.35,-0.03,1736,108,337.46,0,0,0
447,2017-10-03,11BIT,PL11BTS00015,PLN,193.0,194.5,188.55,189.0,-2.25,9090,127,1758.37,0,0,0
448,2017-10-04,11BIT,PL11BTS00015,PLN,189.0,193.4,188.0,190.4,0.74,1572,65,299.75,0,0,0
449,2017-10-05,11BIT,PL11BTS00015,PLN,190.4,192.6,190.0,192.6,1.16,2707,81,519.08,0,0,0
450,2017-10-06,11BIT,PL11BTS00015,PLN,192.5,192.5,189.5,190.0,-1.35,738,54,140.44,0,0,0
451,2017-10-09,11BIT,PL11BTS00015,PLN,190.0,190.0,187.5,188.75,-0.66,888,74,167.3,0,0,0
452,2017-10-10,11BIT,PL11BTS00015,PLN,189.95,190.0,182.15,188.7,-0.03,3715,169,691.3,0,0,0
453,2017-10-11,11BIT,PL11BTS00015,PLN,189.5,189.5,186.05,187.45,-0.66,3623,88,679.63,0,0,0
454,2017-10-12,11BIT,PL11BTS00015,PLN,188.0,188.0,186.75,187.4,-0.03,2386,66,446.38,0,0,0
455,2017-10-13,11BIT,PL11BTS00015,PLN,187.0,189.7,186.05,188.0,0.32,1640,72,308.37,0,0,0
456,2017-10-16,11BIT,PL11BTS00015,PLN,188.0,188.0,185.2,187.0,-0.53,2105,88,393.67,0,0,0
457,2017-10-17,11BIT,PL11BTS00015,PLN,186.0,186.1,183.0,184.0,-1.6,4608,125,850.5,0,0,0
458,2017-10-18,11BIT,PL11BTS00015,PLN,184.0,185.2,180.15,182.3,-0.92,4392,179,798.73,0,0,0
459,2017-10-19,11BIT,PL11BTS00015,PLN,181.95,182.0,178.0,178.65,-2.0,5041,215,904.67,0,0,0
460,2017-10-20,11BIT,PL11BTS00015,PLN,178.0,179.45,172.5,175.35,-1.85,7674,293,1356.55,0,0,0
461,2017-10-23,11BIT,PL11BTS00015,PLN,176.0,178.0,175.6,175.7,0.2,2020,111,357.22,0,0,0
462,2017-10-24,11BIT,PL11BTS00015,PLN,175.55,175.55,165.7,167.95,-4.41,8227,398,1400.2,0,0,0
463,2017-10-25,11BIT,PL11BTS00015,PLN,167.0,168.6,160.95,164.0,-2.35,17853,528,2936.57,0,0,0
464,2017-10-26,11BIT,PL11BTS00015,PLN,164.9,174.35,164.9,172.5,5.18,6773,231,1164.0,0,0,0
465,2017-10-27,11BIT,PL11BTS00015,PLN,176.85,176.85,175.0,175.95,2.0,5168,149,909.79,0,0,0
466,2017-10-30,11BIT,PL11BTS00015,PLN,177.9,179.4,173.0,174.95,-0.57,7361,155,1287.35,0,0,0
467,2017-10-31,11BIT,PL11BTS00015,PLN,177.95,177.95,172.5,173.7,-0.71,9717,114,1688.42,0,0,0
468,2017-11-02,11BIT,PL11BTS00015,PLN,175.0,175.0,168.1,169.0,-2.71,5578,224,950.41,0,0,0
469,2017-11-03,11BIT,PL11BTS00015,PLN,170.0,170.0,167.0,167.8,-0.71,6694,179,1123.91,0,0,0
470,2017-11-06,11BIT,PL11BTS00015,PLN,167.8,168.0,156.65,160.0,-4.65,19959,572,3238.87,0,0,0
471,2017-11-07,11BIT,PL11BTS00015,PLN,163.0,168.4,161.0,168.4,5.25,12661,293,2068.55,0,0,0
472,2017-11-08,11BIT,PL11BTS00015,PLN,170.0,175.0,168.65,169.8,0.83,3984,233,687.09,0,0,0
473,2017-11-09,11BIT,PL11BTS00015,PLN,169.8,169.8,164.25,165.3,-2.65,2829,142,469.26,0,0,0
474,2017-11-10,11BIT,PL11BTS00015,PLN,165.4,167.95,164.75,166.9,0.97,1254,90,208.85,0,0,0
475,2017-11-13,11BIT,PL11BTS00015,PLN,167.5,170.5,162.3,168.6,1.02,3389,145,564.98,0,0,0
476,2017-11-14,11BIT,PL11BTS00015,PLN,169.1,172.0,167.55,169.0,0.24,3023,146,510.34,0,0,0
477,2017-11-15,11BIT,PL11BTS00015,PLN,172.0,173.0,164.1,164.25,-2.81,3976,173,668.67,0,0,0
478,2017-11-16,11BIT,PL11BTS00015,PLN,164.0,164.75,158.05,159.6,-2.83,8166,320,1314.54,0,0,0
479,2017-11-17,11BIT,PL11BTS00015,PLN,155.0,166.5,153.0,166.5,4.32,10473,392,1664.24,0,0,0
480,2017-11-20,11BIT,PL11BTS00015,PLN,168.95,176.95,168.0,176.8,6.19,15508,344,2713.94,0,0,0
481,2017-11-21,11BIT,PL11BTS00015,PLN,176.8,182.55,176.8,181.1,2.43,5603,234,1015.69,0,0,0
482,2017-11-22,11BIT,PL11BTS00015,PLN,181.95,181.95,178.15,179.9,-0.66,2832,114,510.37,0,0,0
483,2017-11-23,11BIT,PL11BTS00015,PLN,180.0,181.0,179.9,180.55,0.36,1221,60,220.23,0,0,0
484,2017-11-24,11BIT,PL11BTS00015,PLN,182.0,182.5,179.45,180.45,-0.06,4379,96,794.05,0,0,0
485,2017-11-27,11BIT,PL11BTS00015,PLN,182.0,183.9,178.05,181.9,0.8,4083,159,739.4,0,0,0
486,2017-11-28,11BIT,PL11BTS00015,PLN,182.0,182.9,181.2,182.45,0.3,4459,117,813.15,0,0,0
487,2017-11-29,11BIT,PL11BTS00015,PLN,182.5,183.0,180.0,180.0,-1.34,5818,94,1059.45,0,0,0
488,2017-11-30,11BIT,PL11BTS00015,PLN,179.0,180.0,171.0,180.0,0.0,11275,245,1974.7,0,0,0
489,2017-12-01,11BIT,PL11BTS00015,PLN,181.5,181.5,173.0,174.4,-3.11,1847,88,323.35,0,0,0
490,2017-12-04,11BIT,PL11BTS00015,PLN,174.05,174.05,170.0,172.2,-1.26,2395,104,411.18,0,0,0
491,2017-12-05,11BIT,PL11BTS00015,PLN,171.2,179.0,171.2,179.0,3.95,1826,103,321.09,0,0,0
492,2017-12-06,11BIT,PL11BTS00015,PLN,179.9,179.9,175.0,176.7,-1.28,1042,76,184.97,0,0,0
493,2017-12-07,11BIT,PL11BTS00015,PLN,176.7,176.7,175.0,176.0,-0.4,266,29,46.73,0,0,0
494,2017-12-08,11BIT,PL11BTS00015,PLN,176.7,176.75,173.6,175.0,-0.57,2296,120,401.49,0,0,0
495,2017-12-11,11BIT,PL11BTS00015,PLN,175.0,176.8,174.0,176.5,0.86,1308,64,229.06,0,0,0
496,2017-12-12,11BIT,PL11BTS00015,PLN,174.5,177.0,167.6,175.8,-0.4,3636,139,625.86,0,0,0
497,2017-12-13,11BIT,PL11BTS00015,PLN,174.0,175.8,172.95,173.0,-1.59,3774,92,656.66,0,0,0
498,2017-12-14,11BIT,PL11BTS00015,PLN,174.0,175.7,169.15,173.0,0.0,4642,114,795.39,0,0,0
499,2017-12-15,11BIT,PL11BTS00015,PLN,170.8,175.9,169.1,175.8,1.62,5380,133,929.45,0,0,0
500,2017-12-18,11BIT,PL11BTS00015,PLN,177.0,189.2,176.9,187.4,6.6,8074,301,1496.92,0,0,0
501,2017-12-19,11BIT,PL11BTS00015,PLN,189.0,199.15,188.0,194.5,3.79,21015,478,4085.61,0,0,0
502,2017-12-20,11BIT,PL11BTS00015,PLN,194.7,196.9,191.0,191.05,-1.77,4776,188,923.79,0,0,0
503,2017-12-21,11BIT,PL11BTS00015,PLN,191.95,194.45,191.05,192.35,0.68,2351,95,453.09,0,0,0
504,2017-12-22,11BIT,PL11BTS00015,PLN,194.0,194.0,188.95,189.2,-1.64,6816,154,1297.0,0,0,0
505,2017-12-27,11BIT,PL11BTS00015,PLN,191.0,191.0,187.1,187.1,-1.11,4218,168,796.29,0,0,0
506,2017-12-28,11BIT,PL11BTS00015,PLN,188.5,194.9,188.0,194.2,3.79,6721,230,1283.48,0,0,0
507,2017-12-29,11BIT,PL11BTS00015,PLN,195.0,198.0,194.0,198.0,1.96,9115,201,1786.74,0,0,0
508,2018-01-03,11BIT,PL11BTS00015,PLN,200.0,203.0,199.0,200.5,1.26,13949,296,2801.57,0,0,0
509,2018-01-04,11BIT,PL11BTS00015,PLN,202.0,203.5,200.0,202.5,1.0,3991,159,805.0,0,0,0
510,2018-01-05,11BIT,PL11BTS00015,PLN,202.5,202.5,200.0,202.0,-0.25,3039,120,612.4,0,0,0
511,2018-01-08,11BIT,PL11BTS00015,PLN,202.0,205.0,202.0,205.0,1.49,7415,181,1513.49,0,0,0
512,2018-01-09,11BIT,PL11BTS00015,PLN,206.0,207.0,205.5,206.5,0.73,3751,200,773.64,0,0,0
513,2018-01-10,11BIT,PL11BTS00015,PLN,206.5,207.0,200.0,201.0,-2.66,2868,171,580.8,0,0,0
514,2018-01-11,11BIT,PL11BTS00015,PLN,204.0,207.0,203.0,206.5,2.74,1745,122,358.32,0,0,0
515,2018-01-12,11BIT,PL11BTS00015,PLN,204.0,207.0,203.5,205.0,-0.73,2256,116,462.19,0,0,0
516,2018-01-15,11BIT,PL11BTS00015,PLN,203.5,203.5,191.2,201.0,-1.95,8219,350,1633.69,0,0,0
517,2018-01-16,11BIT,PL11BTS00015,PLN,201.0,208.0,198.0,208.0,3.48,9866,252,2012.52,0,0,0
518,2018-01-17,11BIT,PL11BTS00015,PLN,206.5,210.0,206.0,207.5,-0.24,4408,176,917.27,0,0,0
519,2018-01-18,11BIT,PL11BTS00015,PLN,208.0,208.0,203.5,206.0,-0.72,1386,100,285.32,0,0,0
520,2018-01-19,11BIT,PL11BTS00015,PLN,206.5,210.0,206.5,209.0,1.46,10041,295,2094.53,0,0,0
521,2018-01-22,11BIT,PL11BTS00015,PLN,209.5,209.5,208.0,209.0,0.0,3778,113,788.96,0,0,0
522,2018-01-23,11BIT,PL11BTS00015,PLN,209.0,215.0,207.0,207.0,-0.96,18534,492,3923.32,0,0,0
523,2018-01-24,11BIT,PL11BTS00015,PLN,206.5,210.0,198.2,204.5,-1.21,7098,293,1455.59,0,0,0
524,2018-01-25,11BIT,PL11BTS00015,PLN,204.5,208.5,204.5,206.0,0.73,3461,105,717.31,0,0,0
525,2018-01-26,11BIT,PL11BTS00015,PLN,205.0,215.0,202.5,214.0,3.88,10812,392,2254.83,0,0,0
526,2018-01-29,11BIT,PL11BTS00015,PLN,215.0,215.0,203.5,213.0,-0.47,12651,401,2656.15,0,0,0
527,2018-01-30,11BIT,PL11BTS00015,PLN,212.5,214.5,212.0,213.5,0.23,4816,134,1028.83,0,0,0
528,2018-01-31,11BIT,PL11BTS00015,PLN,212.0,214.5,212.0,213.0,-0.23,2922,87,624.48,0,0,0
529,2018-02-01,11BIT,PL11BTS00015,PLN,213.0,215.0,210.0,213.0,0.0,3328,153,707.21,0,0,0
530,2018-02-02,11BIT,PL11BTS00015,PLN,214.0,214.5,205.0,211.5,-0.7,8818,376,1844.45,0,0,0
531,2018-02-05,11BIT,PL11BTS00015,PLN,211.0,211.0,207.0,209.0,-1.18,5164,181,1078.19,0,0,0
532,2018-02-06,11BIT,PL11BTS00015,PLN,198.6,206.0,191.6,204.5,-2.15,24356,919,4865.25,0,0,0
533,2018-02-07,11BIT,PL11BTS00015,PLN,205.0,212.5,205.0,210.0,2.69,9831,213,2067.8,0,0,0
534,2018-02-08,11BIT,PL11BTS00015,PLN,209.5,211.0,207.0,207.5,-1.19,1789,95,373.85,0,0,0
535,2018-02-09,11BIT,PL11BTS00015,PLN,202.0,206.5,201.5,205.0,-1.2,5256,227,1069.23,0,0,0
536,2018-02-12,11BIT,PL11BTS00015,PLN,207.5,209.0,206.0,207.0,0.98,2675,84,554.86,0,0,0
537,2018-02-13,11BIT,PL11BTS00015,PLN,210.0,212.5,207.0,210.5,1.69,7482,163,1575.73,0,0,0
538,2018-02-14,11BIT,PL11BTS00015,PLN,210.0,212.0,209.0,209.0,-0.71,2816,122,594.29,0,0,0
539,2018-02-15,11BIT,PL11BTS00015,PLN,211.0,214.0,210.0,211.5,1.2,4100,171,870.51,0,0,0
540,2018-02-16,11BIT,PL11BTS00015,PLN,212.0,213.5,209.0,211.0,-0.24,3264,129,687.37,0,0,0
541,2018-02-19,11BIT,PL11BTS00015,PLN,212.5,212.5,209.5,210.0,-0.47,2342,85,492.37,0,0,0
542,2018-02-20,11BIT,PL11BTS00015,PLN,210.0,211.0,210.0,210.0,0.0,1387,70,292.07,0,0,0
543,2018-02-21,11BIT,PL11BTS00015,PLN,211.0,211.0,209.0,210.0,0.0,1725,68,362.21,0,0,0
544,2018-02-22,11BIT,PL11BTS00015,PLN,210.5,211.5,208.0,211.5,0.71,2962,110,620.92,0,0,0
545,2018-02-23,11BIT,PL11BTS00015,PLN,211.0,213.5,210.0,212.0,0.24,2122,81,449.6,0,0,0
546,2018-02-26,11BIT,PL11BTS00015,PLN,213.5,214.0,211.5,211.5,-0.24,2201,111,468.04,0,0,0
547,2018-02-27,11BIT,PL11BTS00015,PLN,211.5,213.0,211.0,212.5,0.47,2282,86,484.54,0,0,0
548,2018-02-28,11BIT,PL11BTS00015,PLN,212.5,213.0,205.0,209.5,-1.41,10110,305,2105.95,0,0,0
549,2018-03-01,11BIT,PL11BTS00015,PLN,211.5,211.5,204.5,209.0,-0.24,6065,164,1263.97,0,0,0
550,2018-03-02,11BIT,PL11BTS00015,PLN,205.0,208.0,203.5,204.5,-2.15,5143,203,1056.8,0,0,0
551,2018-03-05,11BIT,PL11BTS00015,PLN,214.0,214.5,210.0,210.0,2.69,9549,239,2029.91,0,0,0
552,2018-03-06,11BIT,PL11BTS00015,PLN,212.5,213.0,211.0,211.5,0.71,2723,87,576.88,0,0,0
553,2018-03-07,11BIT,PL11BTS00015,PLN,212.0,212.0,209.0,209.0,-1.18,4393,129,922.71,0,0,0
554,2018-03-08,11BIT,PL11BTS00015,PLN,210.5,210.5,208.0,210.0,0.48,1678,62,352.52,0,0,0
555,2018-03-09,11BIT,PL11BTS00015,PLN,215.5,225.0,214.0,217.5,3.57,36571,900,8008.59,0,0,0
556,2018-03-12,11BIT,PL11BTS00015,PLN,219.5,219.5,213.0,214.0,-1.61,9746,301,2111.44,0,0,0
557,2018-03-13,11BIT,PL11BTS00015,PLN,216.5,217.0,214.0,214.0,0.0,3830,148,823.55,0,0,0
558,2018-03-14,11BIT,PL11BTS00015,PLN,216.0,216.0,207.0,209.0,-2.34,6740,320,1419.12,0,0,0
559,2018-03-15,11BIT,PL11BTS00015,PLN,211.5,211.5,208.0,211.5,1.2,2147,105,450.54,0,0,0
560,2018-03-16,11BIT,PL11BTS00015,PLN,211.0,211.5,207.5,210.0,-0.71,4294,136,895.75,0,0,0
561,2018-03-19,11BIT,PL11BTS00015,PLN,211.0,211.0,207.0,210.0,0.0,2231,134,464.59,0,0,0
562,2018-03-20,11BIT,PL11BTS00015,PLN,210.0,210.0,205.5,208.0,-0.95,1972,114,408.48,0,0,0
563,2018-03-21,11BIT,PL11BTS00015,PLN,208.0,208.0,206.0,207.0,-0.48,1503,64,311.46,0,0,0
564,2018-03-22,11BIT,PL11BTS00015,PLN,208.0,209.0,205.0,206.0,-0.48,1906,125,393.56,0,0,0
565,2018-03-23,11BIT,PL11BTS00015,PLN,207.0,208.0,196.6,208.0,0.97,7029,306,1425.28,0,0,0
566,2018-03-26,11BIT,PL11BTS00015,PLN,209.0,210.0,206.0,206.5,-0.72,1640,86,341.39,0,0,0
567,2018-03-27,11BIT,PL11BTS00015,PLN,208.5,212.0,208.5,211.5,2.42,2877,135,605.96,0,0,0
568,2018-03-28,11BIT,PL11BTS00015,PLN,211.5,211.5,206.5,207.5,-1.89,1881,112,390.91,0,0,0
569,2018-03-29,11BIT,PL11BTS00015,PLN,208.5,209.0,206.5,209.0,0.72,3200,100,666.44,0,0,0
570,2018-04-03,11BIT,PL11BTS00015,PLN,212.0,213.5,208.0,212.0,1.44,16322,192,3441.59,0,0,0
571,2018-04-04,11BIT,PL11BTS00015,PLN,210.0,219.0,210.0,215.0,1.42,20153,292,4352.24,0,0,0
572,2018-04-05,11BIT,PL11BTS00015,PLN,216.5,218.5,214.5,217.5,1.16,14965,173,3253.32,0,0,0
573,2018-04-06,11BIT,PL11BTS00015,PLN,219.0,230.0,219.0,230.0,5.75,39439,801,8846.28,0,0,0
574,2018-04-09,11BIT,PL11BTS00015,PLN,236.0,240.5,231.0,233.0,1.3,33289,854,7875.15,0,0,0
575,2018-04-10,11BIT,PL11BTS00015,PLN,236.0,237.5,232.0,233.0,0.0,11738,263,2755.63,0,0,0
576,2018-04-11,11BIT,PL11BTS00015,PLN,236.0,243.0,233.0,242.5,4.08,14263,377,3402.94,0,0,0
577,2018-04-12,11BIT,PL11BTS00015,PLN,243.0,247.0,241.0,245.0,1.03,15069,424,3687.11,0,0,0
578,2018-04-13,11BIT,PL11BTS00015,PLN,247.0,247.0,243.0,245.0,0.0,4468,200,1094.62,0,0,0
579,2018-04-16,11BIT,PL11BTS00015,PLN,246.0,257.5,246.0,257.0,4.9,14169,456,3557.34,0,0,0
580,2018-04-17,11BIT,PL11BTS00015,PLN,260.0,265.0,251.0,258.0,0.39,21142,705,5505.6,0,0,0
581,2018-04-18,11BIT,PL11BTS00015,PLN,259.5,259.5,251.0,253.0,-1.94,9980,333,2548.31,0,0,0
582,2018-04-19,11BIT,PL11BTS00015,PLN,252.5,252.5,234.0,239.0,-5.53,36439,1044,8829.08,0,0,0
583,2018-04-20,11BIT,PL11BTS00015,PLN,240.0,248.5,237.0,238.5,-0.21,16820,579,4067.17,0,0,0
584,2018-04-23,11BIT,PL11BTS00015,PLN,243.0,254.5,243.0,250.0,4.82,41084,1094,10187.11,0,0,0
585,2018-04-24,11BIT,PL11BTS00015,PLN,259.5,268.0,253.5,263.0,5.2,59512,1791,15526.54,0,0,0
586,2018-04-25,11BIT,PL11BTS00015,PLN,277.0,288.0,275.0,286.0,8.75,68276,2080,19282.42,0,0,0
587,2018-04-26,11BIT,PL11BTS00015,PLN,289.5,294.0,275.5,280.0,-2.1,42201,1219,11979.71,0,0,0
588,2018-04-27,11BIT,PL11BTS00015,PLN,284.5,306.0,282.0,304.5,8.75,78061,1668,23248.54,0,0,0
589,2018-04-30,11BIT,PL11BTS00015,PLN,322.0,354.0,320.0,348.0,14.29,74473,2316,24928.44,0,0,0
590,2018-05-02,11BIT,PL11BTS00015,PLN,375.0,375.0,339.0,350.0,0.57,44773,1771,15808.01,0,0,0
591,2018-05-04,11BIT,PL11BTS00015,PLN,347.5,360.0,340.5,347.0,-0.86,16204,634,5701.3,0,0,0
592,2018-05-07,11BIT,PL11BTS00015,PLN,359.0,376.0,356.0,374.5,7.93,41551,1485,15215.2,0,0,0
593,2018-05-08,11BIT,PL11BTS00015,PLN,375.0,394.0,375.0,388.5,3.74,44629,1595,17294.96,0,0,0
594,2018-05-09,11BIT,PL11BTS00015,PLN,370.5,405.0,353.0,392.0,0.9,91841,2810,34879.51,0,0,0
595,2018-05-10,11BIT,PL11BTS00015,PLN,397.0,404.0,380.0,383.5,-2.17,18967,913,7424.89,0,0,0
596,2018-05-11,11BIT,PL11BTS00015,PLN,393.0,441.0,387.5,441.0,14.99,64688,2031,26813.09,0,0,0
597,2018-05-14,11BIT,PL11BTS00015,PLN,459.5,518.0,458.5,515.0,16.78,118059,5451,57988.71,0,0,0
598,2018-05-15,11BIT,PL11BTS00015,PLN,505.0,548.0,484.0,529.0,2.72,61873,3025,31934.39,0,0,0
599,2018-05-16,11BIT,PL11BTS00015,PLN,530.0,540.0,495.0,500.0,-5.48,44254,2131,22869.17,0,0,0
600,2018-05-17,11BIT,PL11BTS00015,PLN,498.0,499.0,461.5,481.5,-3.7,53740,2701,25999.28,0,0,0
601,2018-05-18,11BIT,PL11BTS00015,PLN,480.0,485.0,438.5,481.0,-0.1,106136,4070,48621.76,0,0,0
602,2018-05-21,11BIT,PL11BTS00015,PLN,493.0,516.0,488.0,501.0,4.16,43347,2442,21720.95,0,0,0
603,2018-05-22,11BIT,PL11BTS00015,PLN,501.0,509.0,490.0,496.0,-1.0,26996,1283,13510.17,0,0,0
604,2018-05-23,11BIT,PL11BTS00015,PLN,495.0,495.0,484.0,491.0,-1.01,12322,548,6012.96,0,0,0
605,2018-05-24,11BIT,PL11BTS00015,PLN,491.5,495.0,485.5,491.0,0.0,10440,424,5130.78,0,0,0
606,2018-05-25,11BIT,PL11BTS00015,PLN,488.0,499.0,477.0,497.0,1.22,10917,491,5336.67,0,0,0
607,2018-05-28,11BIT,PL11BTS00015,PLN,506.0,509.0,499.0,506.0,1.81,14128,928,7126.36,0,0,0
608,2018-05-29,11BIT,PL11BTS00015,PLN,509.0,510.0,467.0,477.0,-5.73,35221,1472,17181.73,0,0,0
609,2018-05-30,11BIT,PL11BTS00015,PLN,481.0,500.0,470.0,473.0,-0.84,26831,904,12817.75,0,0,0
610,2018-06-01,11BIT,PL11BTS00015,PLN,470.0,470.0,425.0,452.0,-4.44,52713,1512,23619.3,0,0,0
611,2018-06-04,11BIT,PL11BTS00015,PLN,454.0,488.0,452.5,488.0,7.96,20224,902,9496.82,0,0,0
612,2018-06-05,11BIT,PL11BTS00015,PLN,490.0,493.0,475.0,483.5,-0.92,10695,572,5174.48,0,0,0
613,2018-06-06,11BIT,PL11BTS00015,PLN,480.0,484.0,468.0,473.0,-2.17,21693,701,10309.12,0,0,0
614,2018-06-07,11BIT,PL11BTS00015,PLN,473.5,485.0,462.0,479.5,1.37,8725,447,4126.76,0,0,0
615,2018-06-08,11BIT,PL11BTS00015,PLN,471.5,479.0,464.0,475.0,-0.94,13148,407,6150.2,0,0,0
616,2018-06-11,11BIT,PL11BTS00015,PLN,473.0,473.0,451.0,452.5,-4.74,16262,585,7468.49,0,0,0
617,2018-06-12,11BIT,PL11BTS00015,PLN,455.0,470.0,453.5,470.0,3.87,8424,415,3903.99,0,0,0
618,2018-06-13,11BIT,PL11BTS00015,PLN,469.0,476.0,455.0,473.5,0.74,7973,372,3727.52,0,0,0
619,2018-06-14,11BIT,PL11BTS00015,PLN,469.0,495.0,468.0,494.0,4.33,17611,908,8504.65,0,0,0
620,2018-06-15,11BIT,PL11BTS00015,PLN,500.0,505.0,491.0,495.0,0.2,24325,1166,12146.09,0,0,0
621,2018-06-18,11BIT,PL11BTS00015,PLN,496.0,496.0,479.5,480.0,-3.03,8984,386,4365.98,0,0,0
622,2018-06-19,11BIT,PL11BTS00015,PLN,473.0,479.0,458.0,469.5,-2.19,6604,448,3066.68,0,0,0
623,2018-06-20,11BIT,PL11BTS00015,PLN,467.0,478.5,462.0,465.0,-0.96,2424,152,1133.37,0,0,0
624,2018-06-21,11BIT,PL11BTS00015,PLN,463.0,469.0,458.0,460.0,-1.08,4969,189,2297.44,0,0,0
625,2018-06-22,11BIT,PL11BTS00015,PLN,455.0,463.0,452.0,456.5,-0.76,3206,191,1464.7,0,0,0
626,2018-06-25,11BIT,PL11BTS00015,PLN,449.0,465.0,430.0,450.0,-1.42,7751,481,3467.17,0,0,0
627,2018-06-26,11BIT,PL11BTS00015,PLN,450.0,454.0,433.0,434.0,-3.56,15649,506,6933.14,0,0,0
628,2018-06-27,11BIT,PL11BTS00015,PLN,433.5,453.5,421.0,448.0,3.23,10792,509,4761.39,0,0,0
629,2018-06-28,11BIT,PL11BTS00015,PLN,446.0,447.5,435.0,447.5,-0.11,7732,288,3420.57,0,0,0
630,2018-06-29,11BIT,PL11BTS00015,PLN,447.0,454.5,447.0,454.0,1.45,7483,224,3385.19,0,0,0
631,2018-07-02,11BIT,PL11BTS00015,PLN,447.5,447.5,431.0,438.0,-3.52,9377,422,4104.01,0,0,0
632,2018-07-03,11BIT,PL11BTS00015,PLN,436.0,438.0,431.0,431.0,-1.6,8795,355,3803.59,0,0,0
633,2018-07-04,11BIT,PL11BTS00015,PLN,430.0,436.5,422.0,434.0,0.7,10102,474,4311.72,0,0,0
634,2018-07-05,11BIT,PL11BTS00015,PLN,435.5,435.5,428.0,429.5,-1.04,7867,277,3383.22,0,0,0
635,2018-07-06,11BIT,PL11BTS00015,PLN,426.0,428.0,410.0,411.5,-4.19,16401,557,6917.08,0,0,0
636,2018-07-09,11BIT,PL11BTS00015,PLN,412.5,431.0,395.5,425.0,3.28,29883,1179,12177.3,0,0,0
637,2018-07-10,11BIT,PL11BTS00015,PLN,425.5,468.0,425.0,458.0,7.76,23577,1114,10582.46,0,0,0
638,2018-07-11,11BIT,PL11BTS00015,PLN,454.0,454.0,440.5,453.5,-0.98,6055,412,2717.29,0,0,0
639,2018-07-12,11BIT,PL11BTS00015,PLN,450.5,473.0,450.5,469.5,3.53,16567,640,7685.53,0,0,0
640,2018-07-13,11BIT,PL11BTS00015,PLN,475.0,487.0,470.0,479.0,2.02,20572,1053,9890.23,0,0,0
641,2018-07-16,11BIT,PL11BTS00015,PLN,480.0,486.0,472.5,481.0,0.42,11473,441,5495.19,0,0,0
642,2018-07-17,11BIT,PL11BTS00015,PLN,481.5,481.5,441.0,442.0,-8.11,36642,1526,16688.92,0,0,0
643,2018-07-18,11BIT,PL11BTS00015,PLN,440.0,460.0,424.0,437.0,-1.13,27545,1299,12226.4,0,0,0
644,2018-07-19,11BIT,PL11BTS00015,PLN,441.5,447.5,425.0,426.5,-2.4,10438,469,4535.31,0,0,0
645,2018-07-20,11BIT,PL11BTS00015,PLN,423.0,450.0,421.0,431.0,1.06,6045,402,2631.58,0,0,0
646,2018-07-23,11BIT,PL11BTS00015,PLN,431.0,442.0,430.5,432.0,0.23,5527,322,2403.69,0,0,0
647,2018-07-24,11BIT,PL11BTS00015,PLN,435.5,440.0,424.0,426.0,-1.39,15396,630,6638.38,0,0,0
648,2018-07-25,11BIT,PL11BTS00015,PLN,433.5,433.5,426.0,427.0,0.23,6508,295,2792.74,0,0,0
649,2018-07-26,11BIT,PL11BTS00015,PLN,429.0,438.0,426.0,434.5,1.76,6243,349,2696.04,0,0,0
650,2018-07-27,11BIT,PL11BTS00015,PLN,439.0,454.5,437.0,449.0,3.34,21392,1027,9553.04,0,0,0
651,2018-07-30,11BIT,PL11BTS00015,PLN,450.5,457.0,445.0,445.0,-0.89,20256,641,9143.66,0,0,0
652,2018-07-31,11BIT,PL11BTS00015,PLN,445.0,445.0,435.0,435.0,-2.25,8138,422,3552.73,0,0,0
653,2018-08-01,11BIT,PL11BTS00015,PLN,439.5,439.5,430.0,432.5,-0.57,3051,231,1323.97,0,0,0
654,2018-08-02,11BIT,PL11BTS00015,PLN,435.0,450.5,434.0,441.0,1.97,8570,370,3817.39,0,0,0
655,2018-08-03,11BIT,PL11BTS00015,PLN,443.5,457.0,440.0,449.5,1.93,7806,403,3505.14,0,0,0
656,2018-08-06,11BIT,PL11BTS00015,PLN,453.0,453.0,438.0,441.0,-1.89,3508,241,1551.37,0,0,0
657,2018-08-07,11BIT,PL11BTS00015,PLN,445.0,448.0,440.0,444.0,0.68,2252,176,997.34,0,0,0
658,2018-08-08,11BIT,PL11BTS00015,PLN,443.0,452.5,443.0,449.5,1.24,2553,231,1147.33,0,0,0
659,2018-08-09,11BIT,PL11BTS00015,PLN,450.0,452.5,445.0,447.0,-0.56,4833,267,2170.12,0,0,0
660,2018-08-10,11BIT,PL11BTS00015,PLN,449.0,449.0,438.0,441.0,-1.34,3564,291,1570.13,0,0,0
661,2018-08-13,11BIT,PL11BTS00015,PLN,442.0,442.0,432.5,435.5,-1.25,3964,234,1723.43,0,0,0
662,2018-08-14,11BIT,PL11BTS00015,PLN,435.0,444.0,435.0,437.0,0.34,4228,277,1855.6,0,0,0
663,2018-08-16,11BIT,PL11BTS00015,PLN,437.0,443.5,437.0,438.5,0.34,4048,216,1780.13,0,0,0
664,2018-08-17,11BIT,PL11BTS00015,PLN,443.0,448.0,440.5,445.0,1.48,5654,305,2507.12,0,0,0
665,2018-08-20,11BIT,PL11BTS00015,PLN,451.0,474.0,450.5,460.0,3.37,24048,1211,11182.72,0,0,0
666,2018-08-21,11BIT,PL11BTS00015,PLN,462.5,467.5,451.5,453.0,-1.52,6858,408,3130.88,0,0,0
667,2018-08-22,11BIT,PL11BTS00015,PLN,453.0,455.0,428.0,436.5,-3.64,12918,734,5668.17,0,0,0
668,2018-08-23,11BIT,PL11BTS00015,PLN,440.0,440.0,430.0,433.0,-0.8,5432,350,2358.6,0,0,0
669,2018-08-24,11BIT,PL11BTS00015,PLN,439.0,439.0,431.5,433.0,0.0,3275,193,1419.84,0,0,0
670,2018-08-27,11BIT,PL11BTS00015,PLN,437.0,445.0,433.0,440.0,1.62,9791,427,4277.5,0,0,0
671,2018-08-28,11BIT,PL11BTS00015,PLN,442.0,442.0,428.0,428.0,-2.73,9869,416,4285.71,0,0,0
672,2018-08-29,11BIT,PL11BTS00015,PLN,430.0,433.0,409.5,428.0,0.0,12320,772,5225.85,0,0,0
673,2018-08-30,11BIT,PL11BTS00015,PLN,427.5,429.5,418.0,426.0,-0.47,13000,313,5500.73,0,0,0
674,2018-08-31,11BIT,PL11BTS00015,PLN,375.0,380.0,361.5,380.0,-10.8,86101,2875,32211.73,0,0,0
675,2018-09-03,11BIT,PL11BTS00015,PLN,383.0,384.5,330.0,330.0,-13.16,46404,1928,16437.01,0,0,0
676,2018-09-04,11BIT,PL11BTS00015,PLN,330.0,387.5,330.0,368.0,11.52,54752,1984,19773.32,0,0,0
677,2018-09-05,11BIT,PL11BTS00015,PLN,368.0,368.0,333.5,349.5,-5.03,25522,1095,8883.96,0,0,0
678,2018-09-06,11BIT,PL11BTS00015,PLN,335.0,343.0,320.0,335.5,-4.01,30409,1211,10038.4,0,0,0
679,2018-09-07,11BIT,PL11BTS00015,PLN,331.0,345.0,331.0,340.0,1.34,15403,578,5227.1,0,0,0
680,2018-09-10,11BIT,PL11BTS00015,PLN,340.0,344.0,307.0,324.0,-4.71,28581,962,9304.62,0,0,0
681,2018-09-11,11BIT,PL11BTS00015,PLN,329.0,335.0,314.5,333.0,2.78,18927,1050,6158.55,0,0,0
682,2018-09-12,11BIT,PL11BTS00015,PLN,333.5,339.0,330.0,339.0,1.8,5264,302,1759.47,0,0,0
683,2018-09-13,11BIT,PL11BTS00015,PLN,339.0,341.0,334.5,339.5,0.15,6677,300,2254.61,0,0,0
684,2018-09-14,11BIT,PL11BTS00015,PLN,344.0,361.0,342.0,360.0,6.04,7440,503,2629.64,0,0,0
685,2018-09-17,11BIT,PL11BTS00015,PLN,363.5,375.0,360.0,363.5,0.97,8073,463,2958.26,0,0,0
686,2018-09-18,11BIT,PL11BTS00015,PLN,368.0,368.0,355.5,363.0,-0.14,6488,353,2351.88,0,0,0
687,2018-09-19,11BIT,PL11BTS00015,PLN,361.0,361.5,347.0,350.5,-3.44,5488,291,1941.76,0,0,0
688,2018-09-20,11BIT,PL11BTS00015,PLN,354.5,362.0,348.0,350.5,0.0,5222,290,1851.95,0,0,0
689,2018-09-21,11BIT,PL11BTS00015,PLN,359.0,360.0,348.0,357.5,2.0,6731,307,2397.81,0,0,0
690,2018-09-24,11BIT,PL11BTS00015,PLN,358.0,358.0,342.0,345.5,-3.36,5085,287,1772.56,0,0,0
691,2018-09-25,11BIT,PL11BTS00015,PLN,348.0,348.0,339.0,345.5,0.0,4062,220,1389.64,0,0,0
692,2018-09-26,11BIT,PL11BTS00015,PLN,348.5,348.5,339.5,341.5,-1.16,1630,95,558.6,0,0,0
693,2018-09-27,11BIT,PL11BTS00015,PLN,341.5,348.0,336.0,348.0,1.9,5689,250,1946.26,0,0,0
694,2018-09-28,11BIT,PL11BTS00015,PLN,345.5,348.0,335.0,340.0,-2.3,3800,273,1297.26,0,0,0
695,2018-10-01,11BIT,PL11BTS00015,PLN,341.0,341.0,329.0,330.5,-2.79,7308,384,2425.41,0,0,0
696,2018-10-02,11BIT,PL11BTS00015,PLN,330.5,338.5,320.0,336.0,1.66,7960,381,2624.11,0,0,0
697,2018-10-03,11BIT,PL11BTS00015,PLN,335.5,338.5,333.5,334.0,-0.6,1806,119,604.83,0,0,0
698,2018-10-04,11BIT,PL11BTS00015,PLN,334.0,335.0,328.0,329.5,-1.35,5921,190,1957.2,0,0,0
699,2018-10-05,11BIT,PL11BTS00015,PLN,330.0,334.0,317.0,334.0,1.37,8078,389,2631.53,0,0,0
700,2018-10-08,11BIT,PL11BTS00015,PLN,330.0,330.0,297.0,303.5,-9.13,30404,1294,9414.0,0,0,0
701,2018-10-09,11BIT,PL11BTS00015,PLN,298.5,313.0,286.5,306.0,0.82,19684,746,5948.49,0,0,0
702,2018-10-10,11BIT,PL11BTS00015,PLN,310.0,316.0,304.0,308.0,0.65,7101,377,2197.08,0,0,0
703,2018-10-11,11BIT,PL11BTS00015,PLN,293.0,304.0,283.0,295.0,-4.22,31327,876,9220.73,0,0,0
704,2018-10-12,11BIT,PL11BTS00015,PLN,305.0,317.5,305.0,317.0,7.46,15870,539,4961.54,0,0,0
705,2018-10-15,11BIT,PL11BTS00015,PLN,320.0,335.5,303.5,333.0,5.05,15672,531,4998.76,0,0,0
706,2018-10-16,11BIT,PL11BTS00015,PLN,337.0,343.0,319.5,323.0,-3.0,10488,481,3474.7,0,0,0
707,2018-10-17,11BIT,PL11BTS00015,PLN,330.0,332.0,316.5,320.0,-0.93,7987,270,2566.82,0,0,0
708,2018-10-18,11BIT,PL11BTS00015,PLN,322.0,322.0,316.5,316.5,-1.09,17520,243,5596.85,0,0,0
709,2018-10-19,11BIT,PL11BTS00015,PLN,315.0,323.5,310.0,319.0,0.79,6204,300,1963.13,0,0,0
710,2018-10-22,11BIT,PL11BTS00015,PLN,315.0,318.0,297.5,303.0,-5.02,23919,734,7254.35,0,0,0
711,2018-10-23,11BIT,PL11BTS00015,PLN,298.0,302.0,288.0,293.5,-3.14,16949,505,4996.48,0,0,0
712,2018-10-24,11BIT,PL11BTS00015,PLN,295.0,303.0,294.0,298.0,1.53,8397,308,2511.21,0,0,0
713,2018-10-25,11BIT,PL11BTS00015,PLN,291.0,310.0,282.5,310.0,4.03,18157,604,5361.87,0,0,0
714,2018-10-26,11BIT,PL11BTS00015,PLN,307.0,309.5,293.0,296.0,-4.52,7004,284,2102.57,0,0,0
715,2018-10-29,11BIT,PL11BTS00015,PLN,295.0,300.0,288.5,289.0,-2.36,9034,272,2648.77,0,0,0
716,2018-10-30,11BIT,PL11BTS00015,PLN,290.0,295.0,288.0,288.5,-0.17,10947,302,3180.65,0,0,0
717,2018-10-31,11BIT,PL11BTS00015,PLN,296.0,304.0,296.0,304.0,5.37,5353,309,1604.04,0,0,0
718,2018-11-02,11BIT,PL11BTS00015,PLN,309.5,314.0,307.0,308.5,1.48,5939,368,1847.65,0,0,0
719,2018-11-05,11BIT,PL11BTS00015,PLN,310.0,313.0,301.5,304.5,-1.3,8208,398,2524.41,0,0,0
720,2018-11-06,11BIT,PL11BTS00015,PLN,304.5,306.5,298.5,302.0,-0.82,5175,200,1562.24,0,0,0
721,2018-11-07,11BIT,PL11BTS00015,PLN,302.5,302.5,285.0,291.0,-3.64,7578,315,2243.62,0,0,0
722,2018-11-08,11BIT,PL11BTS00015,PLN,296.0,301.0,293.0,295.0,1.37,6193,265,1841.84,0,0,0
723,2018-11-09,11BIT,PL11BTS00015,PLN,290.5,293.0,283.0,286.5,-2.88,7391,285,2125.24,0,0,0
724,2018-11-13,11BIT,PL11BTS00015,PLN,287.0,295.0,285.0,286.0,-0.17,7164,316,2063.01,0,0,0
725,2018-11-14,11BIT,PL11BTS00015,PLN,289.0,301.0,284.0,295.0,3.15,4617,284,1354.74,0,0,0
726,2018-11-15,11BIT,PL11BTS00015,PLN,287.0,291.5,266.0,270.5,-8.31,22225,1024,6198.71,0,0,0
727,2018-11-16,11BIT,PL11BTS00015,PLN,274.0,280.0,228.0,247.0,-8.69,84411,2544,20805.76,0,0,0
728,2018-11-19,11BIT,PL11BTS00015,PLN,246.0,250.0,226.0,232.5,-5.87,31594,975,7363.65,0,0,0
729,2018-11-20,11BIT,PL11BTS00015,PLN,233.0,239.5,228.0,235.0,1.08,18175,601,4241.13,0,0,0
730,2018-11-21,11BIT,PL11BTS00015,PLN,237.5,247.5,237.5,245.0,4.26,33070,494,8086.28,0,0,0
731,2018-11-22,11BIT,PL11BTS00015,PLN,249.0,279.5,246.0,271.5,10.82,40471,1272,10655.32,0,0,0
732,2018-11-23,11BIT,PL11BTS00015,PLN,274.5,285.0,257.0,272.0,0.18,33933,971,9224.59,0,0,0
733,2018-11-26,11BIT,PL11BTS00015,PLN,277.5,277.5,263.0,266.0,-2.21,7315,368,1958.5,0,0,0
734,2018-11-27,11BIT,PL11BTS00015,PLN,267.0,271.0,252.0,271.0,1.88,9853,399,2584.78,0,0,0
735,2018-11-28,11BIT,PL11BTS00015,PLN,271.0,271.5,264.0,266.0,-1.85,2794,172,749.55,0,0,0
736,2018-11-29,11BIT,PL11BTS00015,PLN,269.5,271.0,258.0,264.0,-0.75,6916,280,1822.02,0,0,0
737,2018-11-30,11BIT,PL11BTS00015,PLN,267.0,267.0,256.0,258.0,-2.27,4226,185,1094.36,0,0,0
738,2018-12-03,11BIT,PL11BTS00015,PLN,268.0,273.0,268.0,272.0,5.43,15389,457,4167.5,0,0,0
739,2018-12-04,11BIT,PL11BTS00015,PLN,272.0,272.0,262.0,264.0,-2.94,3317,212,882.18,0,0,0
740,2018-12-05,11BIT,PL11BTS00015,PLN,262.0,267.0,258.0,263.5,-0.19,12345,307,3229.95,0,0,0
741,2018-12-06,11BIT,PL11BTS00015,PLN,262.0,264.0,259.0,261.0,-0.95,1674,115,437.01,0,0,0
742,2018-12-07,11BIT,PL11BTS00015,PLN,261.5,267.0,257.5,259.0,-0.77,5576,251,1465.09,0,0,0
743,2018-12-10,11BIT,PL11BTS00015,PLN,258.0,260.0,251.0,251.0,-3.09,3151,144,810.2,0,0,0
744,2018-12-11,11BIT,PL11BTS00015,PLN,251.0,254.0,237.5,245.0,-2.39,14839,653,3602.3,0,0,0
745,2018-12-12,11BIT,PL11BTS00015,PLN,243.0,245.0,238.0,241.5,-1.43,4783,233,1155.34,0,0,0
746,2018-12-13,11BIT,PL11BTS00015,PLN,241.0,251.0,239.0,247.5,2.48,11745,383,2867.8,0,0,0
747,2018-12-14,11BIT,PL11BTS00015,PLN,245.0,255.0,244.0,250.0,1.01,8479,335,2118.11,0,0,0
748,2018-12-17,11BIT,PL11BTS00015,PLN,250.0,255.0,247.0,250.0,0.0,5660,239,1419.64,0,0,0
749,2018-12-18,11BIT,PL11BTS00015,PLN,246.0,253.0,239.0,248.0,-0.8,33287,450,8128.69,0,0,0
750,2018-12-19,11BIT,PL11BTS00015,PLN,244.5,249.0,242.5,248.0,0.0,25296,527,6193.17,0,0,0
751,2018-12-20,11BIT,PL11BTS00015,PLN,243.0,247.0,242.0,245.0,-1.21,12860,300,3140.75,0,0,0
752,2018-12-21,11BIT,PL11BTS00015,PLN,245.0,246.0,237.5,240.0,-2.04,23378,764,5623.56,0,0,0
753,2018-12-27,11BIT,PL11BTS00015,PLN,240.5,246.5,238.5,239.0,-0.42,3037,158,731.15,0,0,0
754,2018-12-28,11BIT,PL11BTS00015,PLN,239.5,244.0,236.0,244.0,2.09,6663,274,1594.92,0,0,0
755,2019-01-02,11BIT,PL11BTS00015,PLN,244.0,263.5,242.0,254.0,4.1,10779,512,2723.38,0,0,0
756,2019-01-03,11BIT,PL11BTS00015,PLN,253.0,259.0,249.5,251.0,-1.18,4492,261,1142.96,0,0,0
757,2019-01-04,11BIT,PL11BTS00015,PLN,252.0,262.0,251.5,262.0,4.38,8914,294,2299.18,0,0,0
758,2019-01-07,11BIT,PL11BTS00015,PLN,263.5,270.0,263.5,268.0,2.29,9606,384,2574.82,0,0,0
759,2019-01-08,11BIT,PL11BTS00015,PLN,270.0,271.5,257.5,258.0,-3.73,5852,391,1539.64,0,0,0
760,2019-01-09,11BIT,PL11BTS00015,PLN,259.5,264.5,255.0,263.0,1.94,5427,324,1416.29,0,0,0
761,2019-01-10,11BIT,PL11BTS00015,PLN,263.0,263.0,256.0,259.5,-1.33,4133,244,1071.18,0,0,0
762,2019-01-11,11BIT,PL11BTS00015,PLN,261.5,269.5,261.5,265.5,2.31,6345,311,1684.73,0,0,0
763,2019-01-14,11BIT,PL11BTS00015,PLN,265.5,265.5,258.0,258.0,-2.82,3723,262,970.4,0,0,0
764,2019-01-15,11BIT,PL11BTS00015,PLN,262.5,266.0,260.0,263.5,2.13,4852,138,1270.35,0,0,0
765,2019-01-16,11BIT,PL11BTS00015,PLN,264.0,274.5,263.5,274.0,3.98,19050,481,5156.18,0,0,0
766,2019-01-17,11BIT,PL11BTS00015,PLN,275.5,282.0,270.0,274.5,0.18,7531,401,2087.77,0,0,0
767,2019-01-18,11BIT,PL11BTS00015,PLN,276.0,279.5,273.5,275.0,0.18,4034,253,1113.01,0,0,0
768,2019-01-21,11BIT,PL11BTS00015,PLN,279.0,284.5,277.0,278.0,1.09,9280,343,2596.22,0,0,0
769,2019-01-22,11BIT,PL11BTS00015,PLN,280.0,280.5,266.0,269.5,-3.06,8185,382,2233.77,0,0,0
770,2019-01-23,11BIT,PL11BTS00015,PLN,270.5,290.0,268.5,283.5,5.19,21093,891,5911.26,0,0,0
771,2019-01-24,11BIT,PL11BTS00015,PLN,285.5,292.0,274.0,279.5,-1.41,9948,501,2815.18,0,0,0
772,2019-01-25,11BIT,PL11BTS00015,PLN,282.0,285.5,280.0,283.0,1.25,3918,217,1108.9,0,0,0
773,2019-01-28,11BIT,PL11BTS00015,PLN,285.0,287.0,273.5,275.0,-2.83,7043,392,1958.25,0,0,0
774,2019-01-29,11BIT,PL11BTS00015,PLN,275.0,279.0,273.0,274.0,-0.36,2445,171,674.89,0,0,0
775,2019-01-30,11BIT,PL11BTS00015,PLN,275.0,279.0,271.5,274.0,0.0,5335,176,1459.92,0,0,0
776,2019-01-31,11BIT,PL11BTS00015,PLN,278.0,280.0,275.0,280.0,2.19,3195,177,887.91,0,0,0
777,2019-02-01,11BIT,PL11BTS00015,PLN,280.5,285.0,278.0,279.5,-0.18,4061,103,1133.95,0,0,0
778,2019-02-04,11BIT,PL11BTS00015,PLN,280.0,282.0,275.0,279.0,-0.18,10749,152,2987.62,0,0,0
779,2019-02-05,11BIT,PL11BTS00015,PLN,280.0,280.0,277.0,279.0,0.0,3302,96,915.64,0,0,0
780,2019-02-06,11BIT,PL11BTS00015,PLN,277.5,279.0,270.5,271.0,-2.87,11617,318,3171.26,0,0,0
781,2019-02-07,11BIT,PL11BTS00015,PLN,270.5,270.5,260.0,266.0,-1.85,6007,307,1592.3,0,0,0
782,2019-02-08,11BIT,PL11BTS00015,PLN,265.0,267.5,261.0,267.5,0.56,7646,262,2011.96,0,0,0
783,2019-02-11,11BIT,PL11BTS00015,PLN,266.0,266.0,260.5,265.0,-0.93,3141,182,826.72,0,0,0
784,2019-02-12,11BIT,PL11BTS00015,PLN,265.0,268.0,265.0,265.0,0.0,2050,144,544.18,0,0,0
785,2019-02-13,11BIT,PL11BTS00015,PLN,265.0,265.5,262.5,265.5,0.19,1425,95,376.35,0,0,0
786,2019-02-14,11BIT,PL11BTS00015,PLN,265.5,266.5,261.5,262.5,-1.13,1256,100,330.68,0,0,0
787,2019-02-15,11BIT,PL11BTS00015,PLN,260.5,265.0,260.5,265.0,0.95,1723,101,453.99,0,0,0
788,2019-02-18,11BIT,PL11BTS00015,PLN,266.0,274.0,266.0,272.0,2.64,2901,177,785.27,0,0,0
789,2019-02-19,11BIT,PL11BTS00015,PLN,273.5,275.0,268.5,269.0,-1.1,2142,128,585.85,0,0,0
790,2019-02-20,11BIT,PL11BTS00015,PLN,269.0,269.0,263.5,263.5,-2.04,1666,139,442.15,0,0,0
791,2019-02-21,11BIT,PL11BTS00015,PLN,263.5,269.0,263.5,266.0,0.95,1328,114,353.29,0,0,0
792,2019-02-22,11BIT,PL11BTS00015,PLN,265.0,266.0,262.0,263.0,-1.13,9535,144,2513.01,0,0,0
793,2019-02-25,11BIT,PL11BTS00015,PLN,263.0,268.5,263.0,267.0,1.52,10437,234,2771.6,0,0,0
794,2019-02-26,11BIT,PL11BTS00015,PLN,266.5,274.0,265.5,267.0,0.0,5037,164,1344.61,0,0,0
795,2019-02-27,11BIT,PL11BTS00015,PLN,266.5,275.0,266.5,272.0,1.87,4803,223,1309.04,0,0,0
796,2019-02-28,11BIT,PL11BTS00015,PLN,273.0,283.0,272.0,276.0,1.47,8419,407,2345.91,0,0,0
797,2019-03-01,11BIT,PL11BTS00015,PLN,277.5,290.0,277.0,285.0,3.26,9646,488,2733.76,0,0,0
798,2019-03-04,11BIT,PL11BTS00015,PLN,289.0,291.5,285.5,286.5,0.53,3531,227,1018.05,0,0,0
799,2019-03-05,11BIT,PL11BTS00015,PLN,286.5,287.0,282.5,286.0,-0.17,5528,125,1577.25,0,0,0
800,2019-03-06,11BIT,PL11BTS00015,PLN,286.0,286.5,283.0,284.0,-0.7,998,91,284.88,0,0,0
801,2019-03-07,11BIT,PL11BTS00015,PLN,283.0,285.5,280.5,280.5,-1.23,7667,272,2175.63,0,0,0
802,2019-03-08,11BIT,PL11BTS00015,PLN,280.5,283.0,279.0,280.0,-0.18,2949,132,825.37,0,0,0
803,2019-03-11,11BIT,PL11BTS00015,PLN,280.0,282.5,279.0,279.0,-0.36,791,79,221.7,0,0,0
804,2019-03-12,11BIT,PL11BTS00015,PLN,280.0,291.5,280.0,286.5,2.69,7454,243,2133.24,0,0,0
805,2019-03-13,11BIT,PL11BTS00015,PLN,286.0,289.0,282.0,287.0,0.17,4999,130,1439.79,0,0,0
806,2019-03-14,11BIT,PL11BTS00015,PLN,287.0,289.5,284.0,286.5,-0.17,4345,138,1248.95,0,0,0
807,2019-03-15,11BIT,PL11BTS00015,PLN,286.5,290.0,286.0,289.5,1.05,3805,325,1099.0,0,0,0
808,2019-03-18,11BIT,PL11BTS00015,PLN,294.0,307.0,294.0,306.5,5.87,18947,1096,5745.36,0,0,0
809,2019-03-19,11BIT,PL11BTS00015,PLN,311.0,324.5,311.0,313.5,2.28,13921,731,4409.62,0,0,0
810,2019-03-20,11BIT,PL11BTS00015,PLN,314.5,314.5,302.5,311.5,-0.64,4893,303,1517.12,0,0,0
811,2019-03-21,11BIT,PL11BTS00015,PLN,310.0,311.5,305.5,310.0,-0.48,2823,162,873.94,0,0,0
812,2019-03-22,11BIT,PL11BTS00015,PLN,310.0,311.5,303.5,304.0,-1.94,2555,151,784.29,0,0,0
813,2019-03-25,11BIT,PL11BTS00015,PLN,302.5,302.5,296.5,298.0,-1.97,5645,254,1686.87,0,0,0
814,2019-03-26,11BIT,PL11BTS00015,PLN,300.0,306.0,299.0,302.5,1.51,5049,181,1522.14,0,0,0
815,2019-03-27,11BIT,PL11BTS00015,PLN,304.5,320.0,301.5,313.0,3.47,14027,453,4381.34,0,0,0
816,2019-03-28,11BIT,PL11BTS00015,PLN,323.5,373.5,323.5,368.0,17.57,106523,3512,37358.14,0,0,0
817,2019-03-29,11BIT,PL11BTS00015,PLN,378.0,412.0,375.0,397.0,7.88,114884,4821,45587.98,0,0,0
818,2019-04-01,11BIT,PL11BTS00015,PLN,404.5,407.0,375.0,383.0,-3.53,21311,1273,8383.1,0,0,0
819,2019-04-02,11BIT,PL11BTS00015,PLN,384.5,398.5,384.0,393.0,2.61,10197,685,3981.76,0,0,0
820,2019-04-03,11BIT,PL11BTS00015,PLN,398.0,422.0,395.5,421.0,7.12,23012,1217,9433.82,0,0,0
821,2019-04-04,11BIT,PL11BTS00015,PLN,422.5,425.0,394.0,399.0,-5.23,28447,1683,11599.57,0,0,0
822,2019-04-05,11BIT,PL11BTS00015,PLN,399.0,404.0,381.5,392.0,-1.75,18929,953,7372.7,0,0,0
823,2019-04-08,11BIT,PL11BTS00015,PLN,397.0,400.0,390.0,393.0,0.26,6696,489,2652.54,0,0,0
824,2019-04-09,11BIT,PL11BTS00015,PLN,395.5,405.5,395.5,400.0,1.78,8709,433,3491.08,0,0,0
825,2019-04-10,11BIT,PL11BTS00015,PLN,403.5,403.5,382.0,384.0,-4.0,18701,1078,7275.79,0,0,0
826,2019-04-11,11BIT,PL11BTS00015,PLN,387.0,391.0,385.0,386.5,0.65,4658,375,1805.61,0,0,0
827,2019-04-12,11BIT,PL11BTS00015,PLN,388.0,393.0,378.0,386.5,0.0,7524,473,2902.79,0,0,0
828,2019-04-15,11BIT,PL11BTS00015,PLN,389.0,395.5,389.0,392.0,1.42,3889,317,1522.85,0,0,0
829,2019-04-16,11BIT,PL11BTS00015,PLN,392.0,394.5,383.0,383.5,-2.17,3200,225,1241.77,0,0,0
830,2019-04-17,11BIT,PL11BTS00015,PLN,382.0,383.0,368.5,373.0,-2.74,13150,688,4917.14,0,0,0
831,2019-04-18,11BIT,PL11BTS00015,PLN,369.0,378.0,368.5,374.0,0.27,2250,201,838.22,0,0,0
832,2019-04-23,11BIT,PL11BTS00015,PLN,374.0,374.0,360.5,370.0,-1.07,4590,311,1687.76,0,0,0
833,2019-04-24,11BIT,PL11BTS00015,PLN,368.5,371.5,367.0,369.0,-0.27,3153,197,1164.24,0,0,0
834,2019-04-25,11BIT,PL11BTS00015,PLN,369.0,370.0,366.0,367.0,-0.54,2374,167,871.89,0,0,0
835,2019-04-26,11BIT,PL11BTS00015,PLN,363.0,383.0,363.0,380.5,3.68,5295,299,1983.41,0,0,0
836,2019-04-29,11BIT,PL11BTS00015,PLN,382.0,390.0,375.0,375.0,-1.45,5492,362,2097.47,0,0,0
837,2019-04-30,11BIT,PL11BTS00015,PLN,370.5,374.0,360.0,371.5,-0.93,4696,336,1731.99,0,0,0
838,2019-05-02,11BIT,PL11BTS00015,PLN,371.5,371.5,365.0,366.0,-1.48,1866,181,687.09,0,0,0
839,2019-05-06,11BIT,PL11BTS00015,PLN,369.0,371.5,364.5,371.0,1.37,6209,338,2294.08,0,0,0
840,2019-05-07,11BIT,PL11BTS00015,PLN,371.5,387.0,371.5,377.0,1.62,6716,797,2565.13,0,0,0
841,2019-05-08,11BIT,PL11BTS00015,PLN,380.0,388.0,379.0,388.0,2.92,4587,294,1767.24,0,0,0
842,2019-05-09,11BIT,PL11BTS00015,PLN,387.0,399.0,386.0,386.0,-0.52,9900,487,3883.9,0,0,0
843,2019-05-10,11BIT,PL11BTS00015,PLN,386.0,393.5,386.0,389.0,0.78,5888,240,2292.14,0,0,0
844,2019-05-13,11BIT,PL11BTS00015,PLN,391.0,399.0,391.0,392.5,0.9,8736,356,3442.43,0,0,0
845,2019-05-14,11BIT,PL11BTS00015,PLN,391.0,399.0,390.0,392.0,-0.13,3650,223,1434.52,0,0,0
846,2019-05-15,11BIT,PL11BTS00015,PLN,391.0,392.5,387.0,391.0,-0.26,7741,285,3016.99,0,0,0
847,2019-05-16,11BIT,PL11BTS00015,PLN,391.0,392.0,387.0,392.0,0.26,6468,227,2521.15,0,0,0
848,2019-05-17,11BIT,PL11BTS00015,PLN,390.0,398.5,388.5,398.0,1.53,10545,345,4127.84,0,0,0
849,2019-05-20,11BIT,PL11BTS00015,PLN,400.0,407.0,396.0,399.0,0.25,8304,407,3331.08,0,0,0
850,2019-05-21,11BIT,PL11BTS00015,PLN,401.5,402.0,392.0,396.0,-0.75,3050,188,1202.53,0,0,0
851,2019-05-22,11BIT,PL11BTS00015,PLN,396.0,396.0,380.0,387.5,-2.15,5840,308,2258.98,0,0,0
852,2019-05-23,11BIT,PL11BTS00015,PLN,388.0,393.5,388.0,393.5,1.55,1618,140,633.42,0,0,0
853,2019-05-24,11BIT,PL11BTS00015,PLN,386.5,409.0,386.5,402.0,2.16,9037,499,3628.68,0,0,0
854,2019-05-27,11BIT,PL11BTS00015,PLN,409.0,413.5,405.5,409.0,1.74,4728,319,1933.31,0,0,0
855,2019-05-28,11BIT,PL11BTS00015,PLN,410.0,415.0,404.0,406.0,-0.73,6283,293,2571.15,0,0,0
856,2019-05-29,11BIT,PL11BTS00015,PLN,404.0,404.5,391.0,392.0,-3.45,4587,306,1822.49,0,0,0
857,2019-05-30,11BIT,PL11BTS00015,PLN,395.0,401.0,392.0,395.0,0.77,2943,176,1168.5,0,0,0
858,2019-05-31,11BIT,PL11BTS00015,PLN,398.0,398.0,393.0,397.5,0.63,1551,162,612.6,0,0,0
859,2019-06-03,11BIT,PL11BTS00015,PLN,394.5,397.0,386.0,393.0,-1.13,3330,234,1302.9,0,0,0
860,2019-06-04,11BIT,PL11BTS00015,PLN,390.0,395.5,385.0,395.5,0.64,7359,265,2862.73,0,0,0
861,2019-06-05,11BIT,PL11BTS00015,PLN,397.5,398.0,391.5,395.0,-0.13,1874,100,740.63,0,0,0
862,2019-06-06,11BIT,PL11BTS00015,PLN,395.0,395.0,390.0,393.0,-0.51,982,107,385.56,0,0,0
863,2019-06-07,11BIT,PL11BTS00015,PLN,391.5,399.0,390.0,397.0,1.02,3349,212,1323.18,0,0,0
864,2019-06-10,11BIT,PL11BTS00015,PLN,400.0,400.0,391.0,395.0,-0.5,3839,239,1524.06,0,0,0
865,2019-06-11,11BIT,PL11BTS00015,PLN,395.0,397.5,392.0,394.0,-0.25,2176,145,856.97,0,0,0
866,2019-06-12,11BIT,PL11BTS00015,PLN,394.0,394.0,386.0,390.0,-1.02,3282,234,1275.37,0,0,0
867,2019-06-13,11BIT,PL11BTS00015,PLN,390.0,393.0,386.0,390.0,0.0,6669,406,2596.63,0,0,0
868,2019-06-14,11BIT,PL11BTS00015,PLN,390.0,392.0,386.0,389.5,-0.13,1404,107,545.38,0,0,0
869,2019-06-17,11BIT,PL11BTS00015,PLN,391.0,391.0,385.0,390.0,0.13,2361,171,911.84,0,0,0
870,2019-06-18,11BIT,PL11BTS00015,PLN,389.0,395.0,386.5,393.5,0.9,1994,154,780.45,0,0,0
871,2019-06-19,11BIT,PL11BTS00015,PLN,393.5,394.5,391.0,393.5,0.0,2868,133,1124.65,0,0,0
872,2019-06-21,11BIT,PL11BTS00015,PLN,393.0,403.0,391.0,398.5,1.27,12060,712,4805.65,0,0,0
873,2019-06-24,11BIT,PL11BTS00015,PLN,400.0,407.0,400.0,401.0,0.63,2404,196,968.44,0,0,0
874,2019-06-25,11BIT,PL11BTS00015,PLN,401.0,407.0,401.0,401.0,0.0,2453,160,987.34,0,0,0
875,2019-06-26,11BIT,PL11BTS00015,PLN,401.0,402.0,393.0,393.0,-2.0,3764,242,1494.97,0,0,0
876,2019-06-27,11BIT,PL11BTS00015,PLN,391.5,396.0,391.0,393.0,0.0,2832,192,1112.81,0,0,0
877,2019-06-28,11BIT,PL11BTS00015,PLN,395.0,401.5,393.0,397.0,1.02,2077,149,820.73,0,0,0
878,2019-07-01,11BIT,PL11BTS00015,PLN,397.0,402.5,395.0,395.0,-0.5,1898,157,756.1,0,0,0
879,2019-07-02,11BIT,PL11BTS00015,PLN,395.0,398.0,391.0,391.5,-0.89,1202,101,472.27,0,0,0
880,2019-07-03,11BIT,PL11BTS00015,PLN,391.5,396.0,391.5,396.0,1.15,1397,111,548.91,0,0,0
881,2019-07-04,11BIT,PL11BTS00015,PLN,396.0,407.0,393.0,397.5,0.38,5547,345,2228.18,0,0,0
882,2019-07-05,11BIT,PL11BTS00015,PLN,397.5,400.5,396.0,396.0,-0.38,2574,174,1026.05,0,0,0
883,2019-07-08,11BIT,PL11BTS00015,PLN,397.0,400.0,396.0,399.0,0.76,1692,144,673.91,0,0,0
884,2019-07-09,11BIT,PL11BTS00015,PLN,399.0,401.0,396.0,399.0,0.0,2471,109,986.48,0,0,0
885,2019-07-10,11BIT,PL11BTS00015,PLN,399.0,400.0,393.5,394.0,-1.25,1918,152,762.45,0,0,0
886,2019-07-11,11BIT,PL11BTS00015,PLN,395.0,398.5,395.0,396.0,0.51,698,81,276.69,0,0,0
887,2019-07-12,11BIT,PL11BTS00015,PLN,398.0,398.0,393.0,396.0,0.0,1003,85,395.98,0,0,0
888,2019-07-15,11BIT,PL11BTS00015,PLN,396.0,399.0,392.5,392.5,-0.88,1580,125,622.66,0,0,0
889,2019-07-16,11BIT,PL11BTS00015,PLN,396.0,409.0,392.5,405.0,3.18,40248,648,15965.7,0,0,0
890,2019-07-17,11BIT,PL11BTS00015,PLN,409.0,430.0,408.0,430.0,6.17,18590,945,7819.02,0,0,0
891,2019-07-18,11BIT,PL11BTS00015,PLN,427.0,430.0,421.0,428.0,-0.47,23535,549,10017.95,0,0,0
892,2019-07-19,11BIT,PL11BTS00015,PLN,430.0,430.0,421.0,422.5,-1.29,8972,409,3796.66,0,0,0
893,2019-07-22,11BIT,PL11BTS00015,PLN,420.5,425.0,420.5,424.0,0.36,2594,211,1097.01,0,0,0
894,2019-07-23,11BIT,PL11BTS00015,PLN,424.0,427.5,422.0,422.0,-0.47,6093,192,2580.64,0,0,0
895,2019-07-24,11BIT,PL11BTS00015,PLN,425.0,425.0,422.0,424.0,0.47,2009,126,849.49,0,0,0
896,2019-07-25,11BIT,PL11BTS00015,PLN,424.5,425.0,396.0,407.5,-3.89,13371,434,5587.23,0,0,0
897,2019-07-26,11BIT,PL11BTS00015,PLN,408.0,417.5,408.0,417.0,2.33,2321,196,956.93,0,0,0
898,2019-07-29,11BIT,PL11BTS00015,PLN,417.0,419.5,412.0,413.5,-0.84,2302,162,957.81,0,0,0
899,2019-07-30,11BIT,PL11BTS00015,PLN,412.5,414.0,408.5,414.0,0.12,2782,160,1142.91,0,0,0
900,2019-07-31,11BIT,PL11BTS00015,PLN,412.0,417.0,410.0,417.0,0.72,3581,198,1481.83,0,0,0
901,2019-08-01,11BIT,PL11BTS00015,PLN,415.0,419.0,408.5,412.0,-1.2,2770,153,1147.54,0,0,0
902,2019-08-02,11BIT,PL11BTS00015,PLN,408.5,412.0,402.0,402.0,-2.43,3578,246,1450.41,0,0,0
903,2019-08-05,11BIT,PL11BTS00015,PLN,402.0,407.0,396.5,397.0,-1.24,5696,316,2279.9,0,0,0
904,2019-08-06,11BIT,PL11BTS00015,PLN,396.5,404.5,391.5,394.5,-0.63,5481,388,2184.92,0,0,0
905,2019-08-07,11BIT,PL11BTS00015,PLN,395.0,397.5,380.0,382.0,-3.17,15877,983,6148.51,0,0,0
906,2019-08-08,11BIT,PL11BTS00015,PLN,382.0,396.0,376.5,395.0,3.4,7384,524,2871.72,0,0,0
907,2019-08-09,11BIT,PL11BTS00015,PLN,396.5,403.5,393.5,397.5,0.63,3956,270,1574.62,0,0,0
908,2019-08-12,11BIT,PL11BTS00015,PLN,397.5,401.5,386.0,388.0,-2.39,2641,202,1031.61,0,0,0
909,2019-08-13,11BIT,PL11BTS00015,PLN,388.0,403.0,386.5,398.0,2.58,23642,341,9484.06,0,0,0
910,2019-08-14,11BIT,PL11BTS00015,PLN,400.0,403.0,386.5,387.0,-2.76,2622,207,1027.38,0,0,0
911,2019-08-16,11BIT,PL11BTS00015,PLN,388.0,394.0,385.5,390.0,0.78,1513,134,588.82,0,0,0
912,2019-08-19,11BIT,PL11BTS00015,PLN,388.0,395.0,382.0,385.0,-1.28,4813,272,1865.82,0,0,0
913,2019-08-20,11BIT,PL11BTS00015,PLN,382.5,387.0,379.0,386.0,0.26,2766,209,1061.22,0,0,0
914,2019-08-21,11BIT,PL11BTS00015,PLN,386.0,386.5,384.0,386.0,0.0,1803,143,694.65,0,0,0
915,2019-08-22,11BIT,PL11BTS00015,PLN,386.5,404.0,386.0,402.0,4.15,3964,260,1570.06,0,0,0
916,2019-08-23,11BIT,PL11BTS00015,PLN,402.0,405.0,398.0,404.0,0.5,2433,189,976.55,0,0,0
917,2019-08-26,11BIT,PL11BTS00015,PLN,398.5,406.0,393.5,396.0,-1.98,3979,223,1589.99,0,0,0
918,2019-08-27,11BIT,PL11BTS00015,PLN,398.5,403.0,390.5,392.0,-1.01,2778,222,1095.83,0,0,0
919,2019-08-28,11BIT,PL11BTS00015,PLN,386.0,390.0,374.5,390.0,-0.51,10566,719,4074.7,0,0,0
920,2019-08-29,11BIT,PL11BTS00015,PLN,385.0,395.5,385.0,394.5,1.15,3326,240,1306.09,0,0,0
921,2019-08-30,11BIT,PL11BTS00015,PLN,394.0,408.0,394.0,405.0,2.66,7202,401,2888.56,0,0,0
922,2019-09-02,11BIT,PL11BTS00015,PLN,406.5,417.5,406.0,416.0,2.72,10005,458,4107.01,0,0,0
923,2019-09-03,11BIT,PL11BTS00015,PLN,419.0,429.0,411.0,425.0,2.16,10853,621,4549.19,0,0,0
924,2019-09-04,11BIT,PL11BTS00015,PLN,419.0,420.0,404.5,414.0,-2.59,12322,769,5091.0,0,0,0
925,2019-09-05,11BIT,PL11BTS00015,PLN,413.0,414.0,402.0,410.0,-0.97,4620,395,1883.76,0,0,0
926,2019-09-06,11BIT,PL11BTS00015,PLN,409.0,411.0,403.0,408.5,-0.37,2303,293,939.09,0,0,0
927,2019-09-09,11BIT,PL11BTS00015,PLN,413.0,415.0,410.0,411.0,0.61,4182,306,1727.37,0,0,0
928,2019-09-10,11BIT,PL11BTS00015,PLN,415.0,415.0,409.0,410.0,-0.24,3999,202,1644.98,0,0,0
929,2019-09-11,11BIT,PL11BTS00015,PLN,411.0,413.0,408.0,408.0,-0.49,1578,155,648.03,0,0,0
930,2019-09-12,11BIT,PL11BTS00015,PLN,413.5,413.5,408.0,411.0,0.74,1368,160,561.75,0,0,0
931,2019-09-13,11BIT,PL11BTS00015,PLN,411.0,411.0,404.0,406.0,-1.22,7761,234,3159.24,0,0,0
932,2019-09-16,11BIT,PL11BTS00015,PLN,403.0,409.0,395.0,409.0,0.74,10121,376,4055.24,0,0,0
933,2019-09-17,11BIT,PL11BTS00015,PLN,406.0,407.0,400.0,400.5,-2.08,1209,124,486.96,0,0,0
934,2019-09-18,11BIT,PL11BTS00015,PLN,400.0,404.0,395.0,395.0,-1.37,2359,205,938.69,0,0,0
935,2019-09-19,11BIT,PL11BTS00015,PLN,395.0,398.5,393.5,397.0,0.51,6554,212,2602.48,0,0,0
936,2019-09-20,11BIT,PL11BTS00015,PLN,397.5,402.0,386.0,386.0,-2.77,8664,571,3406.21,0,0,0
937,2019-09-23,11BIT,PL11BTS00015,PLN,390.5,394.0,382.5,384.0,-0.52,4682,353,1809.12,0,0,0
938,2019-09-24,11BIT,PL11BTS00015,PLN,384.0,391.0,383.0,387.0,0.78,2520,208,972.12,0,0,0
939,2019-09-25,11BIT,PL11BTS00015,PLN,385.5,389.0,383.0,385.0,-0.52,1521,118,586.8,0,0,0
940,2019-09-26,11BIT,PL11BTS00015,PLN,385.0,396.0,385.0,392.0,1.82,1169,112,457.33,0,0,0
941,2019-09-27,11BIT,PL11BTS00015,PLN,396.0,400.0,393.0,400.0,2.04,977,87,387.98,0,0,0
942,2019-09-30,11BIT,PL11BTS00015,PLN,400.0,400.0,389.5,394.5,-1.38,1621,128,638.36,0,0,0
943,2019-10-01,11BIT,PL11BTS00015,PLN,394.5,394.5,379.0,381.5,-3.3,4270,345,1639.86,0,0,0
944,2019-10-02,11BIT,PL11BTS00015,PLN,380.0,380.0,367.5,373.0,-2.23,5093,404,1909.44,0,0,0
945,2019-10-03,11BIT,PL11BTS00015,PLN,371.5,390.0,361.5,383.0,2.68,4675,375,1752.42,0,0,0
946,2019-10-04,11BIT,PL11BTS00015,PLN,385.0,393.0,383.0,384.0,0.26,1250,138,484.05,0,0,0
947,2019-10-07,11BIT,PL11BTS00015,PLN,382.5,388.0,382.5,384.0,0.0,1316,146,506.53,0,0,0
948,2019-10-08,11BIT,PL11BTS00015,PLN,385.5,389.0,380.5,385.5,0.39,3196,145,1226.55,0,0,0
949,2019-10-09,11BIT,PL11BTS00015,PLN,390.0,403.0,387.0,401.0,4.02,5518,259,2198.15,0,0,0
950,2019-10-10,11BIT,PL11BTS00015,PLN,403.0,403.0,389.0,389.5,-2.87,2874,193,1132.19,0,0,0
951,2019-10-11,11BIT,PL11BTS00015,PLN,394.0,394.0,378.0,380.0,-2.44,5502,362,2104.35,0,0,0
952,2019-10-14,11BIT,PL11BTS00015,PLN,380.0,387.0,378.5,385.0,1.32,9763,139,3742.44,0,0,0
953,2019-10-15,11BIT,PL11BTS00015,PLN,385.0,390.0,382.0,385.0,0.0,1379,126,533.14,0,0,0
954,2019-10-16,11BIT,PL11BTS00015,PLN,382.0,384.0,373.0,373.0,-3.12,4852,462,1827.41,0,0,0
955,2019-10-17,11BIT,PL11BTS00015,PLN,373.0,380.0,352.5,353.0,-5.36,23010,845,8305.66,0,0,0
956,2019-10-18,11BIT,PL11BTS00015,PLN,352.0,352.0,336.0,345.5,-2.12,8448,625,2909.87,0,0,0
957,2019-10-21,11BIT,PL11BTS00015,PLN,352.0,355.0,345.0,352.0,1.88,2878,295,1005.42,0,0,0
958,2019-10-22,11BIT,PL11BTS00015,PLN,354.0,354.0,341.0,342.0,-2.84,3467,219,1198.68,0,0,0
959,2019-10-23,11BIT,PL11BTS00015,PLN,342.0,344.0,336.5,340.0,-0.58,3826,268,1296.91,0,0,0
960,2019-10-24,11BIT,PL11BTS00015,PLN,336.5,345.0,336.5,343.5,1.03,1331,141,452.77,0,0,0
961,2019-10-25,11BIT,PL11BTS00015,PLN,345.0,355.0,345.0,353.5,2.91,3947,275,1391.66,0,0,0
962,2019-10-28,11BIT,PL11BTS00015,PLN,358.0,363.5,354.0,357.5,1.13,12343,256,4429.77,0,0,0
963,2019-10-29,11BIT,PL11BTS00015,PLN,361.0,361.0,343.5,345.0,-3.5,14632,370,5226.52,0,0,0
964,2019-10-30,11BIT,PL11BTS00015,PLN,348.0,348.5,336.5,341.0,-1.16,4370,377,1490.05,0,0,0
965,2019-10-31,11BIT,PL11BTS00015,PLN,341.5,343.0,338.0,338.5,-0.73,2237,173,761.92,0,0,0
966,2019-11-04,11BIT,PL11BTS00015,PLN,338.0,342.0,327.5,335.0,-1.03,4874,434,1626.74,0,0,0
967,2019-11-05,11BIT,PL11BTS00015,PLN,336.0,340.0,331.0,332.0,-0.9,2357,180,786.79,0,0,0
968,2019-11-06,11BIT,PL11BTS00015,PLN,331.0,354.0,331.0,348.0,4.82,5389,372,1859.1,0,0,0
969,2019-11-07,11BIT,PL11BTS00015,PLN,348.5,361.5,348.0,358.0,2.87,6874,475,2461.98,0,0,0
970,2019-11-08,11BIT,PL11BTS00015,PLN,360.0,368.0,353.0,355.0,-0.84,5744,495,2071.99,0,0,0
971,2019-11-12,11BIT,PL11BTS00015,PLN,355.5,361.5,344.5,344.5,-2.96,3679,283,1302.77,0,0,0
972,2019-11-13,11BIT,PL11BTS00015,PLN,344.5,355.0,340.0,355.0,3.05,2483,250,861.23,0,0,0
973,2019-11-14,11BIT,PL11BTS00015,PLN,355.0,358.0,348.0,354.0,-0.28,1382,162,488.09,0,0,0
974,2019-11-15,11BIT,PL11BTS00015,PLN,349.0,349.5,338.5,345.0,-2.54,13137,495,4505.45,0,0,0
975,2019-11-18,11BIT,PL11BTS00015,PLN,346.0,348.0,342.0,348.0,0.87,2139,203,738.84,0,0,0
976,2019-11-19,11BIT,PL11BTS00015,PLN,348.0,354.0,345.5,348.0,0.0,3981,294,1391.39,0,0,0
977,2019-11-20,11BIT,PL11BTS00015,PLN,348.0,352.5,348.0,349.0,0.29,4540,150,1583.6,0,0,0
978,2019-11-21,11BIT,PL11BTS00015,PLN,349.0,349.0,342.0,344.0,-1.43,3616,198,1249.6,0,0,0
979,2019-11-22,11BIT,PL11BTS00015,PLN,346.0,351.0,346.0,348.0,1.16,6000,277,2091.17,0,0,0
980,2019-11-25,11BIT,PL11BTS00015,PLN,350.0,351.5,348.0,350.0,0.57,1351,108,471.53,0,0,0
981,2019-11-26,11BIT,PL11BTS00015,PLN,350.0,358.0,350.0,357.0,2.0,1938,214,688.1,0,0,0
982,2019-11-27,11BIT,PL11BTS00015,PLN,357.0,362.5,350.0,353.0,-1.12,3025,187,1077.65,0,0,0
983,2019-11-28,11BIT,PL11BTS00015,PLN,353.5,354.5,348.0,349.0,-1.13,561,59,196.66,0,0,0
984,2019-11-29,11BIT,PL11BTS00015,PLN,349.0,350.0,346.0,348.5,-0.14,850,95,295.77,0,0,0
985,2019-12-02,11BIT,PL11BTS00015,PLN,349.5,353.0,347.0,347.0,-0.43,3052,196,1065.32,0,0,0
986,2019-12-03,11BIT,PL11BTS00015,PLN,348.5,355.0,347.0,355.0,2.31,4601,214,1610.16,0,0,0
987,2019-12-04,11BIT,PL11BTS00015,PLN,358.0,361.5,353.0,360.5,1.55,3794,308,1361.65,0,0,0
988,2019-12-05,11BIT,PL11BTS00015,PLN,363.0,383.0,363.0,382.5,6.1,11282,505,4249.39,0,0,0
989,2019-12-06,11BIT,PL11BTS00015,PLN,382.5,382.5,372.0,374.5,-2.09,2130,165,801.28,0,0,0
990,2019-12-09,11BIT,PL11BTS00015,PLN,375.0,380.0,375.0,378.0,0.93,2336,107,883.0,0,0,0
991,2019-12-10,11BIT,PL11BTS00015,PLN,380.0,388.0,379.0,388.0,2.65,4235,290,1620.11,0,0,0
992,2019-12-11,11BIT,PL11BTS00015,PLN,393.0,393.0,382.0,388.0,0.0,6518,429,2529.03,0,0,0
993,2019-12-12,11BIT,PL11BTS00015,PLN,390.0,391.0,382.0,387.5,-0.13,7367,276,2846.71,0,0,0
994,2019-12-13,11BIT,PL11BTS00015,PLN,389.0,389.5,371.0,384.5,-0.77,7485,340,2852.32,0,0,0
995,2019-12-16,11BIT,PL11BTS00015,PLN,385.0,386.5,374.0,375.0,-2.47,5006,332,1894.67,0,0,0
996,2019-12-17,11BIT,PL11BTS00015,PLN,375.0,382.0,372.5,380.0,1.33,3328,287,1259.12,0,0,0
997,2019-12-18,11BIT,PL11BTS00015,PLN,380.0,380.5,374.0,377.0,-0.79,16830,187,6344.82,0,0,0
998,2019-12-19,11BIT,PL11BTS00015,PLN,377.0,387.0,375.0,386.5,2.52,7231,415,2753.89,0,0,0
999,2019-12-20,11BIT,PL11BTS00015,PLN,387.5,393.5,380.0,390.0,0.91,12855,1061,5013.48,0,0,0
1000,2019-12-23,11BIT,PL11BTS00015,PLN,391.0,396.0,390.0,396.0,1.54,6345,398,2498.88,0,0,0
1001,2019-12-27,11BIT,PL11BTS00015,PLN,396.5,398.0,391.0,398.0,0.51,4379,271,1733.83,0,0,0
1002,2019-12-30,11BIT,PL11BTS00015,PLN,398.0,408.0,396.5,400.0,0.5,8655,398,3480.93,0,0,0
1003,2020-01-02,11BIT,PL11BTS00015,PLN,395.0,401.0,394.5,400.5,0.13,3566,317,1418.1,0,0,0
1004,2020-01-03,11BIT,PL11BTS00015,PLN,402.0,402.5,396.0,400.5,0.0,2297,230,916.89,0,0,0
1005,2020-01-07,11BIT,PL11BTS00015,PLN,401.0,402.5,396.0,399.5,-0.25,1574,250,626.86,0,0,0
1006,2020-01-08,11BIT,PL11BTS00015,PLN,399.5,405.0,392.0,401.5,0.5,6195,462,2463.5,0,0,0
1007,2020-01-09,11BIT,PL11BTS00015,PLN,403.0,412.5,402.0,408.5,1.74,6986,449,2841.84,0,0,0
1008,2020-01-10,11BIT,PL11BTS00015,PLN,408.5,415.0,407.0,414.5,1.47,4973,334,2051.35,0,0,0
1009,2020-01-13,11BIT,PL11BTS00015,PLN,415.0,418.5,408.5,418.5,0.97,5191,362,2148.07,0,0,0
1010,2020-01-14,11BIT,PL11BTS00015,PLN,416.0,418.5,413.5,417.0,-0.36,2362,191,982.83,0,0,0
1011,2020-01-15,11BIT,PL11BTS00015,PLN,417.0,422.0,415.5,416.5,-0.12,9815,352,4105.27,0,0,0
1012,2020-01-16,11BIT,PL11BTS00015,PLN,416.0,419.5,414.0,415.0,-0.36,3837,235,1593.91,0,0,0
1013,2020-01-17,11BIT,PL11BTS00015,PLN,412.0,412.0,405.0,412.0,-0.72,6067,398,2480.87,0,0,0
1014,2020-01-20,11BIT,PL11BTS00015,PLN,413.0,421.0,410.0,421.0,2.18,4484,299,1874.66,0,0,0
1015,2020-01-21,11BIT,PL11BTS00015,PLN,421.0,427.0,419.5,425.5,1.07,10344,397,4383.54,0,0,0
1016,2020-01-22,11BIT,PL11BTS00015,PLN,429.5,458.0,429.5,449.0,5.52,21466,1133,9560.0,0,0,0
1017,2020-01-23,11BIT,PL11BTS00015,PLN,451.0,460.0,448.5,448.5,-0.11,6794,528,3081.35,0,0,0
1018,2020-01-24,11BIT,PL11BTS00015,PLN,448.5,448.5,438.0,448.0,-0.11,3652,333,1623.33,0,0,0
1019,2020-01-27,11BIT,PL11BTS00015,PLN,442.0,443.5,428.0,434.5,-3.01,11405,591,4978.11,0,0,0
1020,2020-01-28,11BIT,PL11BTS00015,PLN,434.0,441.0,431.0,434.0,-0.12,3880,273,1695.19,0,0,0
1021,2020-01-29,11BIT,PL11BTS00015,PLN,434.0,439.5,430.5,434.5,0.12,2597,182,1125.3,0,0,0
1022,2020-01-30,11BIT,PL11BTS00015,PLN,436.0,436.0,424.0,428.5,-1.38,6011,455,2575.65,0,0,0
1023,2020-01-31,11BIT,PL11BTS00015,PLN,428.0,435.0,425.0,432.0,0.82,7097,238,3049.6,0,0,0
1024,2020-02-03,11BIT,PL11BTS00015,PLN,426.0,436.0,418.5,436.0,0.93,6166,417,2629.93,0,0,0
1025,2020-02-04,11BIT,PL11BTS00015,PLN,438.0,448.0,436.5,440.0,0.92,7950,435,3528.59,0,0,0
1026,2020-02-05,11BIT,PL11BTS00015,PLN,440.0,449.5,438.0,441.0,0.23,9600,627,4274.2,0,0,0
1027,2020-02-06,11BIT,PL11BTS00015,PLN,440.0,448.0,440.0,444.0,0.68,6440,340,2864.33,0,0,0
1028,2020-02-07,11BIT,PL11BTS00015,PLN,445.5,448.0,441.0,444.0,0.0,3490,227,1550.7,0,0,0
1029,2020-02-10,11BIT,PL11BTS00015,PLN,444.0,444.0,430.0,437.0,-1.58,4321,387,1887.4,0,0,0
1030,2020-02-11,11BIT,PL11BTS00015,PLN,440.0,457.0,439.5,455.0,4.12,13680,751,6156.37,0,0,0
1031,2020-02-12,11BIT,PL11BTS00015,PLN,455.0,456.0,450.0,453.5,-0.33,4142,247,1879.63,0,0,0
1032,2020-02-13,11BIT,PL11BTS00015,PLN,456.0,459.0,447.0,454.5,0.22,4322,236,1956.97,0,0,0
1033,2020-02-14,11BIT,PL11BTS00015,PLN,457.5,464.0,451.5,460.0,1.21,10199,575,4681.92,0,0,0
1034,2020-02-17,11BIT,PL11BTS00015,PLN,460.0,475.0,460.0,470.0,2.17,7841,393,3689.49,0,0,0
1035,2020-02-18,11BIT,PL11BTS00015,PLN,469.5,486.0,467.5,484.0,2.98,9322,501,4471.17,0,0,0
1036,2020-02-19,11BIT,PL11BTS00015,PLN,482.5,493.5,471.0,477.5,-1.34,10356,686,5001.24,0,0,0
1037,2020-02-20,11BIT,PL11BTS00015,PLN,478.5,481.0,458.5,478.5,0.21,17388,1066,8127.12,0,0,0
1038,2020-02-21,11BIT,PL11BTS00015,PLN,472.0,485.0,461.5,467.5,-2.3,20367,1356,9576.51,0,0,0
1039,2020-02-24,11BIT,PL11BTS00015,PLN,461.0,464.5,443.5,447.0,-4.39,26229,1502,11829.08,0,0,0
1040,2020-02-25,11BIT,PL11BTS00015,PLN,440.0,443.0,414.0,440.0,-1.57,49828,2151,21190.66,0,0,0
1041,2020-02-26,11BIT,PL11BTS00015,PLN,427.0,437.0,408.0,435.0,-1.14,25016,1375,10558.37,0,0,0
1042,2020-02-27,11BIT,PL11BTS00015,PLN,424.0,430.5,398.5,403.0,-7.36,22248,934,9157.06,0,0,0
1043,2020-02-28,11BIT,PL11BTS00015,PLN,371.0,393.5,365.5,385.0,-4.47,48307,2285,18219.41,0,0,0
1044,2020-03-02,11BIT,PL11BTS00015,PLN,401.0,415.0,383.0,408.0,5.97,29818,1571,11929.2,0,0,0
1045,2020-03-03,11BIT,PL11BTS00015,PLN,416.0,435.5,416.0,431.0,5.64,26685,1590,11371.58,0,0,0
1046,2020-03-04,11BIT,PL11BTS00015,PLN,417.0,435.0,416.0,421.5,-2.2,9956,469,4219.06,0,0,0
1047,2020-03-05,11BIT,PL11BTS00015,PLN,435.0,439.0,417.5,427.0,1.3,17145,691,7275.8,0,0,0
1048,2020-03-06,11BIT,PL11BTS00015,PLN,410.0,417.5,408.0,414.5,-2.93,12764,570,5239.92,0,0,0
1049,2020-03-09,11BIT,PL11BTS00015,PLN,380.0,394.0,364.5,374.0,-9.77,45190,1655,17047.06,0,0,0
1050,2020-03-10,11BIT,PL11BTS00015,PLN,381.0,385.0,356.5,359.0,-4.01,18146,890,6740.74,0,0,0
1051,2020-03-11,11BIT,PL11BTS00015,PLN,359.0,359.0,327.5,337.5,-5.99,34353,1551,11621.57,0,0,0
1052,2020-03-12,11BIT,PL11BTS00015,PLN,313.0,319.0,280.0,280.0,-17.04,36813,1244,10945.59,0,0,0
1053,2020-03-13,11BIT,PL11BTS00015,PLN,293.0,317.5,286.5,295.0,5.36,44004,1675,13190.68,0,0,0
1054,2020-03-16,11BIT,PL11BTS00015,PLN,294.0,337.5,256.0,337.0,14.24,48690,1493,14762.74,0,0,0
1055,2020-03-17,11BIT,PL11BTS00015,PLN,347.0,381.0,338.0,357.0,5.93,36945,1553,13262.55,0,0,0
1056,2020-03-18,11BIT,PL11BTS00015,PLN,364.0,380.0,350.0,357.0,0.0,19650,980,7131.34,0,0,0
1057,2020-03-19,11BIT,PL11BTS00015,PLN,351.0,365.5,350.0,357.0,0.0,9040,548,3245.99,0,0,0
1058,2020-03-20,11BIT,PL11BTS00015,PLN,365.0,378.5,334.0,346.5,-2.94,25594,1469,9204.87,0,0,0
1059,2020-03-23,11BIT,PL11BTS00015,PLN,342.0,350.0,312.0,336.0,-3.03,15218,626,5167.4,0,0,0
1060,2020-03-24,11BIT,PL11BTS00015,PLN,360.0,360.0,343.0,357.0,6.25,13706,585,4833.91,0,0,0
1061,2020-03-25,11BIT,PL11BTS00015,PLN,370.0,375.0,345.5,363.0,1.68,16495,872,5994.41,0,0,0
1062,2020-03-26,11BIT,PL11BTS00015,PLN,372.5,372.5,352.0,363.5,0.14,15330,957,5588.27,0,0,0
1063,2020-03-27,11BIT,PL11BTS00015,PLN,368.0,368.0,353.0,357.0,-1.79,5892,437,2123.39,0,0,0
1064,2020-03-30,11BIT,PL11BTS00015,PLN,360.0,360.0,344.5,350.0,-1.96,5697,408,1997.69,0,0,0
1065,2020-03-31,11BIT,PL11BTS00015,PLN,350.0,362.0,350.0,360.0,2.86,10674,493,3806.0,0,0,0
1066,2020-04-01,11BIT,PL11BTS00015,PLN,359.0,363.0,354.0,360.0,0.0,4968,316,1784.74,0,0,0
1067,2020-04-02,11BIT,PL11BTS00015,PLN,360.0,363.0,354.0,360.0,0.0,2757,225,987.21,0,0,0
1068,2020-04-03,11BIT,PL11BTS00015,PLN,360.0,365.5,355.0,362.5,0.69,12217,465,4404.77,0,0,0
1069,2020-04-06,11BIT,PL11BTS00015,PLN,365.0,395.0,365.0,394.0,8.69,25598,950,9676.72,0,0,0
1070,2020-04-07,11BIT,PL11BTS00015,PLN,402.0,414.0,362.0,362.0,-8.12,26518,1769,10284.16,0,0,0
1071,2020-04-08,11BIT,PL11BTS00015,PLN,365.0,378.0,358.0,367.0,1.38,11703,751,4296.56,0,0,0
1072,2020-04-09,11BIT,PL11BTS00015,PLN,377.0,385.0,371.0,380.0,3.54,10450,720,3938.4,0,0,0
1073,2020-04-14,11BIT,PL11BTS00015,PLN,385.0,396.0,380.0,396.0,4.21,10975,687,4259.04,0,0,0
1074,2020-04-15,11BIT,PL11BTS00015,PLN,398.0,398.0,378.0,378.0,-4.55,12078,710,4638.63,0,0,0
1075,2020-04-16,11BIT,PL11BTS00015,PLN,386.0,386.0,378.5,383.0,1.32,3090,288,1180.45,0,0,0
1076,2020-04-17,11BIT,PL11BTS00015,PLN,383.5,394.0,383.0,391.0,2.09,12784,635,4994.87,0,0,0
1077,2020-04-20,11BIT,PL11BTS00015,PLN,395.0,409.5,381.5,409.5,4.73,21608,906,8640.67,0,0,0
1078,2020-04-21,11BIT,PL11BTS00015,PLN,409.5,410.0,390.0,395.0,-3.54,18320,1001,7325.11,0,0,0
1079,2020-04-22,11BIT,PL11BTS00015,PLN,391.0,408.0,391.0,406.0,2.78,11787,597,4740.09,0,0,0
1080,2020-04-23,11BIT,PL11BTS00015,PLN,409.0,409.0,401.5,408.0,0.49,5879,491,2392.24,0,0,0
1081,2020-04-24,11BIT,PL11BTS00015,PLN,405.0,415.0,402.0,410.0,0.49,8105,560,3325.44,0,0,0
1082,2020-04-27,11BIT,PL11BTS00015,PLN,415.0,435.0,414.0,426.5,4.02,23816,979,10110.4,0,0,0
1083,2020-04-28,11BIT,PL11BTS00015,PLN,430.0,460.0,427.0,443.0,3.87,26247,1316,11706.99,0,0,0
1084,2020-04-29,11BIT,PL11BTS00015,PLN,450.0,461.5,450.0,457.0,3.16,8861,607,4031.73,0,0,0
1085,2020-04-30,11BIT,PL11BTS00015,PLN,450.0,450.0,416.0,435.0,-4.81,30948,1587,13386.71,0,0,0
1086,2020-05-04,11BIT,PL11BTS00015,PLN,430.0,430.0,406.0,408.5,-6.09,46383,2412,19416.52,0,0,0
1087,2020-05-05,11BIT,PL11BTS00015,PLN,414.0,427.0,413.5,415.0,1.59,20024,1046,8392.74,0,0,0
1088,2020-05-06,11BIT,PL11BTS00015,PLN,418.5,430.0,417.0,430.0,3.61,14898,789,6306.4,0,0,0
1089,2020-05-07,11BIT,PL11BTS00015,PLN,430.0,434.0,416.0,432.5,0.58,7233,634,3087.39,0,0,0
1090,2020-05-08,11BIT,PL11BTS00015,PLN,430.0,432.5,424.5,429.0,-0.81,5662,346,2432.63,0,0,0
1091,2020-05-11,11BIT,PL11BTS00015,PLN,431.0,433.0,424.0,428.5,-0.12,4357,269,1861.34,0,0,0
1092,2020-05-12,11BIT,PL11BTS00015,PLN,426.0,435.0,421.0,422.5,-1.4,13263,418,5705.6,0,0,0
1093,2020-05-13,11BIT,PL11BTS00015,PLN,420.0,440.0,417.0,434.0,2.72,20715,984,8991.78,0,0,0
1094,2020-05-14,11BIT,PL11BTS00015,PLN,439.0,443.0,424.0,431.0,-0.69,10751,765,4628.63,0,0,0
1095,2020-05-15,11BIT,PL11BTS00015,PLN,460.0,462.0,441.0,459.5,6.61,32471,1963,14745.96,0,0,0
1096,2020-05-18,11BIT,PL11BTS00015,PLN,465.0,480.0,465.0,471.0,2.5,24373,1145,11518.71,0,0,0
1097,2020-05-19,11BIT,PL11BTS00015,PLN,475.0,485.0,471.0,485.0,2.97,21544,724,10307.94,0,0,0
1098,2020-05-20,11BIT,PL11BTS00015,PLN,486.0,490.0,481.5,485.5,0.1,10753,669,5228.22,0,0,0
1099,2020-05-21,11BIT,PL11BTS00015,PLN,484.0,487.0,476.0,486.0,0.1,6870,476,3322.47,0,0,0
1100,2020-05-22,11BIT,PL11BTS00015,PLN,485.0,486.0,482.5,486.0,0.0,9284,371,4502.08,0,0,0
1101,2020-05-25,11BIT,PL11BTS00015,PLN,488.0,490.0,475.5,484.0,-0.41,9628,596,4656.07,0,0,0
1102,2020-05-26,11BIT,PL11BTS00015,PLN,488.0,505.0,485.5,485.5,0.31,28217,1850,13981.55,0,0,0
1103,2020-05-27,11BIT,PL11BTS00015,PLN,486.0,486.5,451.0,457.5,-5.77,32637,2860,15224.11,0,0,0
1104,2020-05-28,11BIT,PL11BTS00015,PLN,464.0,475.0,454.0,465.0,1.64,25554,1357,11798.68,0,0,0
1105,2020-05-29,11BIT,PL11BTS00015,PLN,473.5,474.5,460.0,473.0,1.72,8327,843,3898.12,0,0,0
1106,2020-06-01,11BIT,PL11BTS00015,PLN,475.5,475.5,465.0,467.5,-1.16,6893,489,3241.82,0,0,0
1107,2020-06-02,11BIT,PL11BTS00015,PLN,472.0,475.0,466.5,475.0,1.6,6019,423,2844.1,0,0,0
1108,2020-06-03,11BIT,PL11BTS00015,PLN,475.5,498.5,472.5,495.0,4.21,16517,1064,8086.47,0,0,0
1109,2020-06-04,11BIT,PL11BTS00015,PLN,495.0,500.0,475.5,478.5,-3.33,30988,1313,14977.34,0,0,0
1110,2020-06-05,11BIT,PL11BTS00015,PLN,483.0,486.0,455.5,467.5,-2.3,15057,1643,7010.77,0,0,0
1111,2020-06-08,11BIT,PL11BTS00015,PLN,467.5,467.5,456.0,460.0,-1.6,13222,694,6079.06,0,0,0
1112,2020-06-09,11BIT,PL11BTS00015,PLN,460.0,468.0,449.5,460.0,0.0,13210,1302,6071.47,0,0,0
1113,2020-06-10,11BIT,PL11BTS00015,PLN,475.0,497.0,470.5,497.0,8.04,21184,1236,10353.15,0,0,0
1114,2020-06-12,11BIT,PL11BTS00015,PLN,473.0,503.0,470.0,492.0,-1.01,18902,1013,9353.18,0,0,0
1115,2020-06-15,11BIT,PL11BTS00015,PLN,488.0,488.0,476.5,479.0,-2.64,8933,589,4304.73,0,0,0
1116,2020-06-16,11BIT,PL11BTS00015,PLN,490.0,503.0,490.0,498.5,4.07,8583,669,4274.17,0,0,0
1117,2020-06-17,11BIT,PL11BTS00015,PLN,498.5,529.0,490.5,525.0,5.32,21869,1462,11305.3,0,0,0
1118,2020-06-18,11BIT,PL11BTS00015,PLN,535.0,553.0,512.0,521.0,-0.76,25242,1620,13497.4,0,0,0
1119,2020-06-19,11BIT,PL11BTS00015,PLN,521.0,528.0,513.0,521.0,0.0,10448,753,5447.37,0,0,0
1120,2020-06-22,11BIT,PL11BTS00015,PLN,559.0,598.0,551.0,560.0,7.49,48559,2724,27876.25,0,0,0
1121,2020-06-23,11BIT,PL11BTS00015,PLN,565.0,601.0,565.0,583.0,4.11,21586,1325,12668.91,0,0,0
1122,2020-06-24,11BIT,PL11BTS00015,PLN,589.0,595.0,573.0,580.0,-0.51,10372,756,6064.31,0,0,0
1123,2020-06-25,11BIT,PL11BTS00015,PLN,579.0,600.0,579.0,596.0,2.76,10473,728,6210.05,0,0,0
1124,2020-06-26,11BIT,PL11BTS00015,PLN,605.0,618.0,593.0,604.0,1.34,22129,1557,13430.95,0,0,0
1125,2020-06-29,11BIT,PL11BTS00015,PLN,616.0,619.0,533.0,540.0,-10.6,56523,3449,32587.25,0,0,0
1126,2020-06-30,11BIT,PL11BTS00015,PLN,550.0,569.0,485.0,485.0,-10.19,88692,5685,45393.74,0,0,0
1127,2020-07-01,11BIT,PL11BTS00015,PLN,492.0,526.0,478.0,525.0,8.25,36837,2443,18648.61,0,0,0
1128,2020-07-02,11BIT,PL11BTS00015,PLN,532.0,551.0,525.0,549.0,4.57,19033,1291,10299.19,0,0,0
1129,2020-07-03,11BIT,PL11BTS00015,PLN,551.0,559.0,521.0,544.0,-0.91,25082,1604,13468.77,0,0,0
1130,2020-07-06,11BIT,PL11BTS00015,PLN,544.0,544.0,527.0,539.0,-0.92,22415,1109,11958.8,0,0,0
1131,2020-07-07,11BIT,PL11BTS00015,PLN,538.0,538.0,526.0,535.0,-0.74,12865,674,6836.24,0,0,0
1132,2020-07-08,11BIT,PL11BTS00015,PLN,534.0,534.0,522.0,528.0,-1.31,7057,646,3732.67,0,0,0
